Chave      | Leituras   | Escritas   | Transf T        | Comparações | Tempo_Total 
8120       | 8120       | 0          | 8120            | 16238        | 0.009150    
9520       | 9520       | 0          | 9520            | 19038        | 0.010816    
1200       | 1200       | 0          | 1200            | 2398         | 0.001263    
8760       | 8760       | 0          | 8760            | 17518        | 0.009873    
7000       | 7000       | 0          | 7000            | 13998        | 0.007896    
9080       | 9080       | 0          | 9080            | 18158        | 0.010567    
2480       | 2480       | 0          | 2480            | 4958         | 0.002736    
4600       | 4600       | 0          | 4600            | 9198         | 0.005239    
920        | 920        | 0          | 920             | 1838         | 0.001117    
2560       | 2560       | 0          | 2560            | 5118         | 0.002798    
3550       | 3550       | 0          | 3550            | 7098         | 0.006045    
