Chave      | Leituras   | Escritas   | Transf T        | Comparações | Tempo_Total 
8120       | 49996250   | 19999      | 50016249        | 49995000     | 58.265983   
9520       | 49996250   | 19999      | 50016249        | 49995000     | 58.186410   
1200       | 49996250   | 19999      | 50016249        | 49995000     | 57.964240   
8760       | 49996250   | 19999      | 50016249        | 49995000     | 57.943331   
7000       | 49996250   | 19999      | 50016249        | 49995000     | 58.024695   
9080       | 49996250   | 19999      | 50016249        | 49995000     | 58.498894   
2480       | 49996250   | 19999      | 50016249        | 49995000     | 57.645610   
4600       | 49996250   | 19999      | 50016249        | 49995000     | 57.701267   
920        | 49996250   | 19999      | 50016249        | 49995000     | 57.654864   
2560       | 49996250   | 19999      | 50016249        | 49995000     | 57.499568   
