Chave      | Leituras   | Escritas   | Transf T        | Comparações | Tempo_Total 
2440       | 7561       | 0          | 7561            | 15120        | 0.008467    
7280       | 2721       | 0          | 2721            | 5440         | 0.003187    
5320       | 4681       | 0          | 4681            | 9360         | 0.005357    
1640       | 8361       | 0          | 8361            | 16720        | 0.009431    
8520       | 1481       | 0          | 1481            | 2960         | 0.001953    
2000       | 8001       | 0          | 8001            | 16000        | 0.009127    
4000       | 6001       | 0          | 6001            | 12000        | 0.007420    
8320       | 1681       | 0          | 1681            | 3360         | 0.001983    
5200       | 4801       | 0          | 4801            | 9600         | 0.005171    
1800       | 8201       | 0          | 8201            | 16400        | 0.009262    
