Chave      | Leituras   | Escritas   | Transf T        | Comparações | Tempo_Total 
4645       | 49997500   | 19999      | 50017499        | 49995000     | 59.915691   
8156       | 49997500   | 19999      | 50017499        | 49995000     | 61.640783   
8544       | 49997500   | 19999      | 50017499        | 49995000     | 79.904465   
1131       | 49997500   | 19999      | 50017499        | 49995000     | 81.203605   
8505       | 49997500   | 19999      | 50017499        | 49995000     | 80.409816   
3368       | 49997500   | 19999      | 50017499        | 49995000     | 77.368894   
6456       | 49997500   | 19999      | 50017499        | 49995000     | 79.696892   
1048       | 49997500   | 19999      | 50017499        | 49995000     | 83.340719   
3208       | 49997500   | 19999      | 50017499        | 49995000     | 85.200585   
6366       | 49997500   | 19999      | 50017499        | 49995000     | 79.029430   
