Chave      | Leituras   | Escritas   | Transf T        | Comparações | Tempo_Total 
4790       | 15         | 0          | 15              | 28           | 0.000028    
1430       | 16         | 0          | 16              | 30           | 0.000029    
2087       | 14         | 0          | 14              | 26           | 0.000027    
2672       | 13         | 0          | 13              | 24           | 0.000022    
1942       | 13         | 0          | 13              | 24           | 0.000026    
2634       | 13         | 0          | 13              | 24           | 0.000031    
3632       | 20         | 0          | 20              | 38           | 0.000033    
3386       | 18         | 0          | 18              | 34           | 0.000032    
5840       | 24         | 0          | 24              | 46           | 0.000046    
6527       | 24         | 0          | 24              | 46           | 0.000051    
9987       | 8          | 0          | 8               | 14           | 0.000018    
4500       | 17         | 0          | 17              | 32           | 0.000033    
7689       | 13         | 0          | 13              | 24           | 0.000025    
