Chave      | Leituras   | Escritas   | Transf T        | Comparações | Tempo_Total 
4790       | 160249     | 19999      | 180248          | 157749       | 0.429349    
1430       | 160249     | 19999      | 180248          | 157749       | 0.459913    
2087       | 160249     | 19999      | 180248          | 157749       | 0.455088    
2672       | 160249     | 19999      | 180248          | 157749       | 0.451177    
1942       | 160249     | 19999      | 180248          | 157749       | 0.467520    
2634       | 160249     | 19999      | 180248          | 157749       | 0.472229    
3632       | 160249     | 19999      | 180248          | 157749       | 0.441951    
3386       | 160249     | 19999      | 180248          | 157749       | 0.461237    
5840       | 160249     | 19999      | 180248          | 157749       | 0.472114    
6527       | 160249     | 19999      | 180248          | 157749       | 0.455987    
