Chave      | Leituras   | Escritas   | Transf T        | Comparações | Tempo_Total 
21567      | 2500       | 0          | 2500            | 0            | 0.019527    
9987       | 2500       | 0          | 2500            | 0            | 0.010776    
9987       | 2500       | 0          | 2500            | 0            | 0.010907    
9987       | 2500       | 0          | 2500            | 0            | 0.010219    
4500       | 2500       | 0          | 2500            | 0            | 0.012590    
9934       | 2500       | 0          | 2500            | 0            | 0.003697    
7954       | 2500       | 0          | 2500            | 0            | 0.003644    
7778       | 2500       | 0          | 2500            | 0            | 0.003638    
7451       | 2500       | 0          | 2500            | 0            | 0.004000    
6453       | 2500       | 0          | 2500            | 0            | 0.003850    
9201       | 2500       | 0          | 2500            | 0            | 0.003653    
5401       | 2500       | 0          | 2500            | 0            | 0.003722    
6804       | 2500       | 0          | 2500            | 0            | 0.003706    
3411       | 2500       | 0          | 2500            | 0            | 0.003721    
6060       | 2500       | 0          | 2500            | 0            | 0.003623    
6120       | 1250       | 0          | 1250            | 0            | 0.018248    
600        | 1250       | 0          | 1250            | 0            | 0.001741    
3960       | 1250       | 0          | 1250            | 0            | 0.001901    
920        | 1250       | 0          | 1250            | 0            | 0.001769    
320        | 1250       | 0          | 1250            | 0            | 0.001929    
6280       | 1250       | 0          | 1250            | 0            | 0.001867    
9480       | 1250       | 0          | 1250            | 0            | 0.001908    
7600       | 1250       | 0          | 1250            | 0            | 0.001917    
6320       | 1250       | 0          | 1250            | 0            | 0.001774    
5520       | 1250       | 0          | 1250            | 0            | 0.001747    
3680       | 1250       | 0          | 1250            | 0            | 0.001769    
9360       | 1250       | 0          | 1250            | 0            | 0.001888    
7200       | 1250       | 0          | 1250            | 0            | 0.001990    
8720       | 1250       | 0          | 1250            | 0            | 0.001906    
9240       | 1250       | 0          | 1250            | 0            | 0.001777    
9560       | 1250       | 0          | 1250            | 0            | 0.001777    
7080       | 1250       | 0          | 1250            | 0            | 0.001667    
4640       | 1250       | 0          | 1250            | 0            | 0.001690    
9440       | 1250       | 0          | 1250            | 0            | 0.002246    
6080       | 1250       | 0          | 1250            | 0            | 0.002313    
5000       | 1250       | 0          | 1250            | 0            | 0.001920    
7160       | 1250       | 0          | 1250            | 0            | 0.001986    
8280       | 1250       | 0          | 1250            | 0            | 0.001804    
6240       | 1250       | 0          | 1250            | 0            | 0.001930    
4680       | 1250       | 0          | 1250            | 0            | 0.001726    
1400       | 1250       | 0          | 1250            | 0            | 0.001737    
6680       | 1250       | 0          | 1250            | 0            | 0.001845    
2280       | 1250       | 0          | 1250            | 0            | 0.002045    
2120       | 1250       | 0          | 1250            | 0            | 0.001783    
8080       | 1250       | 0          | 1250            | 0            | 0.001907    
920        | 1250       | 0          | 1250            | 0            | 0.001985    
1160       | 1250       | 0          | 1250            | 0            | 0.001844    
8880       | 1250       | 0          | 1250            | 0            | 0.001853    
8800       | 1250       | 0          | 1250            | 0            | 0.001788    
0          | 1250       | 0          | 1250            | 0            | 0.001871    
4960       | 1250       | 0          | 1250            | 0            | 0.001873    
4680       | 1250       | 0          | 1250            | 0            | 0.001802    
3400       | 1250       | 0          | 1250            | 0            | 0.001793    
1600       | 1250       | 0          | 1250            | 0            | 0.001853    
320        | 1250       | 0          | 1250            | 0            | 0.002049    
