Chave      | Leituras   | Escritas   | Transf T        | Comparações | Tempo_Total 
21567      | 1          | 0          | 1               | 3            | 0.000022    
9987       | 1          | 0          | 1               | 2            | 0.000051    
9987       | 1          | 0          | 1               | 2            | 0.000056    
9987       | 1          | 0          | 1               | 2            | 0.000034    
4500       | 1          | 0          | 1               | 3            | 0.000058    
9934       | 1          | 0          | 1               | 1            | 0.000030    
7954       | 1          | 0          | 1               | 1            | 0.000018    
7778       | 1          | 0          | 1               | 1            | 0.000020    
7451       | 1          | 0          | 1               | 2            | 0.000020    
6453       | 1          | 0          | 1               | 2            | 0.000026    
9201       | 1          | 0          | 1               | 2            | 0.000020    
5401       | 1          | 0          | 1               | 2            | 0.000020    
6804       | 1          | 0          | 1               | 3            | 0.000035    
3411       | 1          | 0          | 1               | 2            | 0.000018    
6060       | 1          | 0          | 1               | 3            | 0.000019    
