Chave      | Leituras   | Escritas   | Transf T        | Comparações | Tempo_Total 
7840       | 0          | 0          | 0               | 0            | 0.000019    
7560       | 0          | 0          | 0               | 0            | 0.000028    
8120       | 0          | 0          | 0               | 0            | 0.000016    
5600       | 0          | 0          | 0               | 0            | 0.000018    
1920       | 0          | 0          | 0               | 0            | 0.000020    
4640       | 0          | 0          | 0               | 0            | 0.000017    
7360       | 0          | 0          | 0               | 0            | 0.000018    
7160       | 0          | 0          | 0               | 0            | 0.000019    
3760       | 0          | 0          | 0               | 0            | 0.000019    
3160       | 0          | 0          | 0               | 0            | 0.000016    
8600       | 0          | 0          | 0               | 0            | 0.000014    
0          | 1          | 0          | 1               | 4            | 0.000024    
1040       | 0          | 0          | 0               | 0            | 0.000012    
8440       | 0          | 0          | 0               | 0            | 0.000020    
1360       | 0          | 0          | 0               | 0            | 0.000022    
4040       | 0          | 0          | 0               | 0            | 0.000016    
4360       | 0          | 0          | 0               | 0            | 0.000017    
5640       | 0          | 0          | 0               | 0            | 0.000014    
80         | 0          | 0          | 0               | 0            | 0.000016    
4280       | 0          | 0          | 0               | 0            | 0.000022    
6960       | 0          | 0          | 0               | 0            | 0.000014    
1840       | 0          | 0          | 0               | 0            | 0.000015    
360        | 0          | 0          | 0               | 0            | 0.000017    
4400       | 0          | 0          | 0               | 0            | 0.000014    
6880       | 0          | 0          | 0               | 0            | 0.000014    
6240       | 0          | 0          | 0               | 0            | 0.000014    
4720       | 0          | 0          | 0               | 0            | 0.000013    
5480       | 0          | 0          | 0               | 0            | 0.000021    
2840       | 0          | 0          | 0               | 0            | 0.000017    
520        | 0          | 0          | 0               | 0            | 0.000016    
8760       | 0          | 0          | 0               | 0            | 0.000017    
4440       | 0          | 0          | 0               | 0            | 0.000016    
1640       | 0          | 0          | 0               | 0            | 0.000015    
5280       | 0          | 0          | 0               | 0            | 0.000014    
7720       | 0          | 0          | 0               | 0            | 0.000021    
8640       | 0          | 0          | 0               | 0            | 0.000015    
360        | 0          | 0          | 0               | 0            | 0.000019    
480        | 0          | 0          | 0               | 0            | 0.000016    
520        | 0          | 0          | 0               | 0            | 0.000014    
400        | 0          | 0          | 0               | 0            | 0.000014    
