Chave      | Leituras   | Escritas   | Transf T        | Comparações | Tempo_Total 
7840       | 1250       | 0          | 1250            | 0            | 0.019694    
7560       | 1250       | 0          | 1250            | 0            | 0.001831    
8120       | 1250       | 0          | 1250            | 0            | 0.001738    
5600       | 1250       | 0          | 1250            | 0            | 0.001755    
1920       | 1250       | 0          | 1250            | 0            | 0.001930    
4640       | 1250       | 0          | 1250            | 0            | 0.002115    
7360       | 1250       | 0          | 1250            | 0            | 0.002161    
7160       | 1250       | 0          | 1250            | 0            | 0.001786    
3760       | 1250       | 0          | 1250            | 0            | 0.001809    
3160       | 1250       | 0          | 1250            | 0            | 0.001720    
8600       | 1250       | 0          | 1250            | 0            | 0.001807    
0          | 1250       | 0          | 1250            | 0            | 0.001835    
1040       | 1250       | 0          | 1250            | 0            | 0.001773    
8440       | 1250       | 0          | 1250            | 0            | 0.001806    
1360       | 1250       | 0          | 1250            | 0            | 0.002212    
4040       | 1250       | 0          | 1250            | 0            | 0.001858    
4360       | 1250       | 0          | 1250            | 0            | 0.001782    
5640       | 1250       | 0          | 1250            | 0            | 0.001710    
80         | 1250       | 0          | 1250            | 0            | 0.001727    
4280       | 1250       | 0          | 1250            | 0            | 0.001900    
6960       | 1250       | 0          | 1250            | 0            | 0.001771    
1840       | 1250       | 0          | 1250            | 0            | 0.001767    
360        | 1250       | 0          | 1250            | 0            | 0.002099    
4400       | 1250       | 0          | 1250            | 0            | 0.001924    
6880       | 1250       | 0          | 1250            | 0            | 0.001861    
6240       | 1250       | 0          | 1250            | 0            | 0.001874    
4720       | 1250       | 0          | 1250            | 0            | 0.001793    
5480       | 1250       | 0          | 1250            | 0            | 0.001829    
2840       | 1250       | 0          | 1250            | 0            | 0.001808    
520        | 1250       | 0          | 1250            | 0            | 0.002004    
8760       | 1250       | 0          | 1250            | 0            | 0.001806    
4440       | 1250       | 0          | 1250            | 0            | 0.001970    
1640       | 1250       | 0          | 1250            | 0            | 0.001918    
5280       | 1250       | 0          | 1250            | 0            | 0.001802    
7720       | 1250       | 0          | 1250            | 0            | 0.001749    
8640       | 1250       | 0          | 1250            | 0            | 0.001717    
360        | 1250       | 0          | 1250            | 0            | 0.001728    
480        | 1250       | 0          | 1250            | 0            | 0.001920    
520        | 1250       | 0          | 1250            | 0            | 0.001907    
400        | 1250       | 0          | 1250            | 0            | 0.001833    
