Chave      | Leituras   | Escritas   | Transf T        | Comparações | Tempo_Total 
4760       | 468997     | 108308     | 577305          | 11350051     | 8.629703    
66680      | 468997     | 108308     | 577305          | 11350051     | 8.709792    
46120      | 468997     | 108308     | 577305          | 11350051     | 8.791274    
14240      | 468997     | 108308     | 577305          | 11350051     | 8.597872    
33440      | 468997     | 108308     | 577305          | 11350051     | 8.716144    
74160      | 468997     | 108308     | 577305          | 11350051     | 8.683816    
49440      | 468997     | 108308     | 577305          | 11350051     | 8.658601    
6000       | 468997     | 108308     | 577305          | 11350051     | 8.707932    
28080      | 468997     | 108308     | 577305          | 11350051     | 8.661598    
64360      | 468997     | 108308     | 577305          | 11350051     | 8.757239    
