Chave      | Leituras   | Escritas   | Transf T        | Comparações | Tempo_Total 
4760       | 4          | 0          | 4               | 29           | 0.000249    
66680      | 4          | 0          | 4               | 51           | 0.000245    
46120      | 4          | 0          | 4               | 68           | 0.000207    
14240      | 4          | 0          | 4               | 63           | 0.000244    
33440      | 4          | 0          | 4               | 55           | 0.000172    
74160      | 4          | 0          | 4               | 29           | 0.000200    
49440      | 4          | 0          | 4               | 46           | 0.000215    
6000       | 4          | 0          | 4               | 19           | 0.000207    
28080      | 4          | 0          | 4               | 32           | 0.000205    
64360      | 4          | 0          | 4               | 38           | 0.000194    
