Chave      | Leituras   | Escritas   | Transf T        | Comparações | Tempo_Total 
85160      | 4          | 0          | 4               | 15           | 0.000202    
96080      | 4          | 0          | 4               | 35           | 0.000182    
77680      | 4          | 0          | 4               | 60           | 0.000224    
65000      | 4          | 0          | 4               | 31           | 0.000186    
75680      | 4          | 0          | 4               | 36           | 0.000228    
80600      | 4          | 0          | 4               | 56           | 0.000209    
13200      | 4          | 0          | 4               | 48           | 0.000196    
9160       | 4          | 0          | 4               | 33           | 0.000179    
3320       | 4          | 0          | 4               | 42           | 0.000195    
67360      | 4          | 0          | 4               | 41           | 0.000245    
