Chave      | Leituras   | Escritas   | Transf T        | Comparações | Tempo_Total 
85160      | 467438     | 107990     | 575428          | 4272359      | 8.894370    
96080      | 467438     | 107990     | 575428          | 4272359      | 8.794633    
77680      | 467438     | 107990     | 575428          | 4272359      | 8.788095    
65000      | 467438     | 107990     | 575428          | 4272359      | 8.452372    
75680      | 467438     | 107990     | 575428          | 4272359      | 8.524019    
80600      | 467438     | 107990     | 575428          | 4272359      | 8.690160    
13200      | 467438     | 107990     | 575428          | 4272359      | 8.457008    
9160       | 467438     | 107990     | 575428          | 4272359      | 8.615420    
3320       | 467438     | 107990     | 575428          | 4272359      | 8.853044    
67360      | 467438     | 107990     | 575428          | 4272359      | 8.626048    
