Chave      | Leituras   | Escritas   | Transf T        | Comparações | Tempo_Total 
15400      | 4          | 0          | 4               | 53           | 0.000179    
62040      | 4          | 0          | 4               | 54           | 0.000208    
37400      | 4          | 0          | 4               | 50           | 0.000180    
40000      | 4          | 0          | 4               | 112          | 0.000182    
12480      | 4          | 0          | 4               | 78           | 0.000221    
55040      | 4          | 0          | 4               | 36           | 0.000210    
21400      | 4          | 0          | 4               | 72           | 0.000172    
15480      | 4          | 0          | 4               | 47           | 0.000212    
82320      | 4          | 0          | 4               | 48           | 0.000210    
36240      | 4          | 0          | 4               | 58           | 0.000176    
