Chave      | Leituras   | Escritas   | Transf T        | Comparações | Tempo_Total 
15400      | 443818     | 105900     | 549718          | 7368660      | 12.192437   
62040      | 443818     | 105900     | 549718          | 7368660      | 12.001342   
37400      | 443818     | 105900     | 549718          | 7368660      | 11.941034   
40000      | 443818     | 105900     | 549718          | 7368660      | 12.227090   
12480      | 443818     | 105900     | 549718          | 7368660      | 12.080879   
55040      | 443818     | 105900     | 549718          | 7368660      | 11.900670   
21400      | 443818     | 105900     | 549718          | 7368660      | 11.854432   
15480      | 443818     | 105900     | 549718          | 7368660      | 12.115801   
82320      | 443818     | 105900     | 549718          | 7368660      | 12.011103   
36240      | 443818     | 105900     | 549718          | 7368660      | 11.993015   
