Chave      | Leituras   | Escritas   | Transf T        | Comparações | Tempo_Total 
36880      | 15         | 0          | 15              | 28           | 0.000028    
55600      | 20         | 0          | 20              | 38           | 0.000038    
46160      | 13         | 0          | 13              | 24           | 0.000026    
13960      | 24         | 0          | 24              | 46           | 0.000044    
3080       | 19         | 0          | 19              | 36           | 0.000044    
33360      | 16         | 0          | 16              | 30           | 0.000034    
43800      | 16         | 0          | 16              | 30           | 0.000031    
15840      | 25         | 0          | 25              | 48           | 0.000064    
22760      | 24         | 0          | 24              | 46           | 0.000048    
16360      | 26         | 0          | 26              | 50           | 0.000048    
