Chave      | Leituras   | Escritas   | Transf T        | Comparações | Tempo_Total 
4500       | 2034117    | 199999     | 2234116         | 2009117      | 5.716322    
85249      | 2034117    | 199999     | 2234116         | 2009117      | 5.749551    
56780      | 2034117    | 199999     | 2234116         | 2009117      | 5.204190    
8944       | 2034117    | 199999     | 2234116         | 2009117      | 9.149048    
31625      | 2034117    | 199999     | 2234116         | 2009117      | 9.138417    
9980       | 2034117    | 199999     | 2234116         | 2009117      | 8.994904    
26212      | 2034117    | 199999     | 2234116         | 2009117      | 9.099514    
17315      | 2034117    | 199999     | 2234116         | 2009117      | 9.078996    
23292      | 2034117    | 199999     | 2234116         | 2009117      | 9.096698    
25273      | 2034117    | 199999     | 2234116         | 2009117      | 9.131540    
15208      | 2034117    | 199999     | 2234116         | 2009117      | 8.960852    
15881      | 2034117    | 199999     | 2234116         | 2009117      | 9.266552    
