Chave      | Leituras   | Escritas   | Transf T        | Comparações | Tempo_Total 
44440      | 567437     | 107990     | 675427          | 11531232     | 9.353277    
91400      | 567437     | 107990     | 675427          | 11531232     | 9.684869    
31160      | 567437     | 107990     | 675427          | 11531232     | 9.644499    
84680      | 567437     | 107990     | 675427          | 11531232     | 9.854500    
60040      | 567437     | 107990     | 675427          | 11531232     | 9.671005    
35600      | 567437     | 107990     | 675427          | 11531232     | 9.696100    
56080      | 567437     | 107990     | 675427          | 11531232     | 10.018086   
59800      | 567437     | 107990     | 675427          | 11531232     | 9.839905    
11400      | 567437     | 107990     | 675427          | 11531232     | 9.842416    
40920      | 567437     | 107990     | 675427          | 11531232     | 9.677343    
91800      | 567437     | 107990     | 675427          | 11531232     | 9.536653    
39600      | 567437     | 107990     | 675427          | 11531232     | 9.511134    
34960      | 567437     | 107990     | 675427          | 11531232     | 9.721660    
74920      | 567437     | 107990     | 675427          | 11531232     | 9.545025    
84040      | 567437     | 107990     | 675427          | 11531232     | 9.615969    
62040      | 567437     | 107990     | 675427          | 11531232     | 9.514353    
97560      | 567437     | 107990     | 675427          | 11531232     | 9.924535    
8920       | 567437     | 107990     | 675427          | 11531232     | 9.580897    
65120      | 567437     | 107990     | 675427          | 11531232     | 9.901916    
38360      | 567437     | 107990     | 675427          | 11531232     | 9.597415    
