Chave      | Leituras   | Escritas   | Transf T        | Comparações | Tempo_Total 
44440      | 4          | 0          | 4               | 46           | 0.000202    
91400      | 4          | 0          | 4               | 55           | 0.000189    
31160      | 4          | 0          | 4               | 41           | 0.000193    
84680      | 4          | 0          | 4               | 60           | 0.000196    
60040      | 4          | 0          | 4               | 46           | 0.000166    
35600      | 4          | 0          | 4               | 31           | 0.000164    
56080      | 4          | 0          | 4               | 61           | 0.000191    
59800      | 3          | 0          | 3               | 29           | 0.000152    
11400      | 4          | 0          | 4               | 56           | 0.000219    
40920      | 4          | 0          | 4               | 51           | 0.000211    
91800      | 4          | 0          | 4               | 80           | 0.000255    
39600      | 4          | 0          | 4               | 31           | 0.000215    
34960      | 4          | 0          | 4               | 65           | 0.000292    
74920      | 4          | 0          | 4               | 50           | 0.000193    
84040      | 4          | 0          | 4               | 45           | 0.000180    
62040      | 4          | 0          | 4               | 46           | 0.000202    
97560      | 4          | 0          | 4               | 65           | 0.000196    
8920       | 4          | 0          | 4               | 26           | 0.000237    
65120      | 4          | 0          | 4               | 51           | 0.000226    
38360      | 4          | 0          | 4               | 41           | 0.000196    
