Chave      | Leituras   | Escritas   | Transf T        | Comparações | Tempo_Total 
37280      | 4          | 0          | 4               | 40           | 0.000180    
81240      | 4          | 0          | 4               | 50           | 0.000191    
50240      | 4          | 0          | 4               | 25           | 0.000258    
33960      | 4          | 0          | 4               | 45           | 0.000224    
78840      | 4          | 0          | 4               | 50           | 0.000188    
65520      | 4          | 0          | 4               | 54           | 0.000204    
32360      | 4          | 0          | 4               | 45           | 0.000189    
96120      | 4          | 0          | 4               | 54           | 0.000213    
95720      | 4          | 0          | 4               | 54           | 0.000192    
30040      | 4          | 0          | 4               | 25           | 0.000218    
