Chave      | Leituras   | Escritas   | Transf T        | Comparações | Tempo_Total 
37280      | 567437     | 107990     | 675427          | 4808265      | 9.937034    
81240      | 567437     | 107990     | 675427          | 4808265      | 9.904396    
50240      | 567437     | 107990     | 675427          | 4808265      | 9.397802    
33960      | 567437     | 107990     | 675427          | 4808265      | 9.323969    
78840      | 567437     | 107990     | 675427          | 4808265      | 10.033757   
65520      | 567437     | 107990     | 675427          | 4808265      | 9.922450    
32360      | 567437     | 107990     | 675427          | 4808265      | 9.208165    
96120      | 567437     | 107990     | 675427          | 4808265      | 9.866515    
95720      | 567437     | 107990     | 675427          | 4808265      | 10.165234   
30040      | 567437     | 107990     | 675427          | 4808265      | 9.904013    
