Chave      | Leituras   | Escritas   | Transf T        | Comparações | Tempo_Total 
82920      | 4          | 0          | 4               | 70           | 0.000127    
93800      | 4          | 0          | 4               | 102          | 0.000161    
15840      | 4          | 0          | 4               | 35           | 0.000158    
46560      | 4          | 0          | 4               | 83           | 0.000160    
40760      | 4          | 0          | 4               | 50           | 0.000169    
87520      | 4          | 0          | 4               | 86           | 0.000144    
31760      | 4          | 0          | 4               | 57           | 0.000161    
51520      | 4          | 0          | 4               | 10           | 0.000144    
68760      | 4          | 0          | 4               | 50           | 0.000160    
9080       | 4          | 0          | 4               | 47           | 0.000201    
