Chave      | Leituras   | Escritas   | Transf T        | Comparações | Tempo_Total 
82920      | 540745     | 105728     | 646473          | 7591721      | 12.257189   
93800      | 540745     | 105728     | 646473          | 7591721      | 12.365587   
15840      | 540745     | 105728     | 646473          | 7591721      | 12.676900   
46560      | 540745     | 105728     | 646473          | 7591721      | 12.929155   
40760      | 540745     | 105728     | 646473          | 7591721      | 12.468294   
87520      | 540745     | 105728     | 646473          | 7591721      | 12.737556   
31760      | 540745     | 105728     | 646473          | 7591721      | 12.831848   
51520      | 540745     | 105728     | 646473          | 7591721      | 12.821394   
68760      | 540745     | 105728     | 646473          | 7591721      | 12.447385   
9080       | 540745     | 105728     | 646473          | 7591721      | 12.521184   
