Chave      | Leituras   | Escritas   | Transf T        | Comparações | Tempo_Total 
66760      | 6089484    | 1079988    | 7169472         | 143746758    | 104.100206  
748280     | 6089484    | 1079988    | 7169472         | 143746758    | 104.438697  
583040     | 6089484    | 1079988    | 7169472         | 143746758    | 103.734712  
498160     | 6089484    | 1079988    | 7169472         | 143746758    | 107.127968  
909640     | 6089484    | 1079988    | 7169472         | 143746758    | 104.443945  
218840     | 6089484    | 1079988    | 7169472         | 143746758    | 104.964330  
807960     | 6089484    | 1079988    | 7169472         | 143746758    | 105.014030  
207040     | 6089484    | 1079988    | 7169472         | 143746758    | 105.300879  
866160     | 6089484    | 1079988    | 7169472         | 143746758    | 105.191112  
761640     | 6089484    | 1079988    | 7169472         | 143746758    | 107.198716  
