Chave      | Leituras   | Escritas   | Transf T        | Comparações | Tempo_Total 
66760      | 5          | 0          | 5               | 68           | 0.000303    
748280     | 4          | 0          | 4               | 60           | 0.000296    
583040     | 5          | 0          | 5               | 47           | 0.000207    
498160     | 4          | 0          | 4               | 40           | 0.000166    
909640     | 5          | 0          | 5               | 72           | 0.000228    
218840     | 5          | 0          | 5               | 73           | 0.000238    
807960     | 5          | 0          | 5               | 66           | 0.000224    
207040     | 5          | 0          | 5               | 48           | 0.000244    
866160     | 5          | 0          | 5               | 67           | 0.000180    
761640     | 5          | 0          | 5               | 72           | 0.000235    
