Chave      | Leituras   | Escritas   | Transf T        | Comparações | Tempo_Total 
561680     | 5          | 0          | 5               | 38           | 0.000167    
734880     | 5          | 0          | 5               | 63           | 0.000286    
788040     | 5          | 0          | 5               | 73           | 0.000281    
830320     | 5          | 0          | 5               | 77           | 0.000197    
645800     | 5          | 0          | 5               | 58           | 0.000204    
136400     | 5          | 0          | 5               | 63           | 0.000241    
813960     | 5          | 0          | 5               | 68           | 0.000226    
631600     | 5          | 0          | 5               | 33           | 0.000263    
32600      | 5          | 0          | 5               | 86           | 0.000230    
342280     | 5          | 0          | 5               | 43           | 0.000267    
