Chave      | Leituras   | Escritas   | Transf T        | Comparações | Tempo_Total 
561680     | 6089484    | 1079988    | 7169472         | 48935674     | 107.692067  
734880     | 6089484    | 1079988    | 7169472         | 48935674     | 109.701744  
788040     | 6089484    | 1079988    | 7169472         | 48935674     | 111.179707  
830320     | 6089484    | 1079988    | 7169472         | 48935674     | 110.652253  
645800     | 6089484    | 1079988    | 7169472         | 48935674     | 103.785385  
136400     | 6089484    | 1079988    | 7169472         | 48935674     | 109.701090  
813960     | 6089484    | 1079988    | 7169472         | 48935674     | 109.591729  
631600     | 6089484    | 1079988    | 7169472         | 48935674     | 103.270404  
32600      | 6089484    | 1079988    | 7169472         | 48935674     | 104.336614  
342280     | 6089484    | 1079988    | 7169472         | 48935674     | 109.082349  
