Chave      | Leituras   | Escritas   | Transf T        | Comparações | Tempo_Total 
239160     | 3          | 0          | 3               | 51           | 0.000133    
829120     | 4          | 0          | 4               | 51           | 0.000302    
309960     | 4          | 0          | 4               | 90           | 0.000317    
454920     | 4          | 0          | 4               | 51           | 0.000204    
450200     | 4          | 0          | 4               | 121          | 0.000218    
877040     | 4          | 0          | 4               | 78           | 0.000174    
72040      | 4          | 0          | 4               | 77           | 0.000184    
966440     | 4          | 0          | 4               | 93           | 0.000326    
694920     | 4          | 0          | 4               | 47           | 0.000314    
844080     | 4          | 0          | 4               | 84           | 0.000186    
586640     | 4          | 0          | 4               | 78           | 0.000160    
