Chave      | Leituras   | Escritas   | Transf T        | Comparações | Tempo_Total 
239160     | 5968362    | 1058094    | 7026456         | 86231126     | 154.162580  
829120     | 5968362    | 1058094    | 7026456         | 86231126     | 152.167560  
309960     | 5968362    | 1058094    | 7026456         | 86231126     | 150.884223  
454920     | 5968362    | 1058094    | 7026456         | 86231126     | 154.511404  
450200     | 5968362    | 1058094    | 7026456         | 86231126     | 153.130157  
877040     | 5968362    | 1058094    | 7026456         | 86231126     | 159.407144  
72040      | 5968362    | 1058094    | 7026456         | 86231126     | 157.577503  
966440     | 5968362    | 1058094    | 7026456         | 86231126     | 151.797584  
694920     | 5968362    | 1058094    | 7026456         | 86231126     | 155.202737  
844080     | 5968362    | 1058094    | 7026456         | 86231126     | 157.297380  
586640     | 5968362    | 1058094    | 7026456         | 86231126     | 157.815502  
