Chave      | Leituras   | Escritas   | Transf T        | Comparações | Tempo_Total 
937650     | 250000     | 0          | 250000          | 0            | 0.377904    
110400     | 250000     | 0          | 250000          | 0            | 0.379241    
974970     | 250000     | 0          | 250000          | 0            | 0.374330    
895320     | 250000     | 0          | 250000          | 0            | 0.374604    
370770     | 250000     | 0          | 250000          | 0            | 0.377245    
950250     | 250000     | 0          | 250000          | 0            | 0.380238    
534750     | 250000     | 0          | 250000          | 0            | 0.372699    
694410     | 250000     | 0          | 250000          | 0            | 0.371466    
78630      | 250000     | 0          | 250000          | 0            | 0.379316    
293820     | 250000     | 0          | 250000          | 0            | 0.371199    
21660      | 250000     | 0          | 250000          | 0            | 0.379927    

551370     | 25000      | 0          | 25000           | 0            | 0.043804    
437790     | 25000      | 0          | 25000           | 0            | 0.042390    
485760     | 25000      | 0          | 25000           | 0            | 0.042562    
891780     | 25000      | 0          | 25000           | 0            | 0.042305    
625290     | 25000      | 0          | 25000           | 0            | 0.041077    
796920     | 25000      | 0          | 25000           | 0            | 0.041857    
873900     | 25000      | 0          | 25000           | 0            | 0.041046    
360450     | 25000      | 0          | 25000           | 0            | 0.040424    
535110     | 25000      | 0          | 25000           | 0            | 0.040420    
326010     | 25000      | 0          | 25000           | 0            | 0.042273    
