Chave      | Leituras   | Escritas   | Transf T        | Comparações | Tempo_Total 
937650     | 1          | 0          | 1               | 1            | 0.000444    
110400     | 1          | 0          | 1               | 3            | 0.000060    
974970     | 1          | 0          | 1               | 1            | 0.000420    
895320     | 1          | 0          | 1               | 3            | 0.000403    
370770     | 1          | 0          | 1               | 1            | 0.000179    
950250     | 1          | 0          | 1               | 1            | 0.000408    
534750     | 1          | 0          | 1               | 1            | 0.000270    
694410     | 1          | 0          | 1               | 1            | 0.000344    
78630      | 1          | 0          | 1               | 1            | 0.000048    
293820     | 1          | 0          | 1               | 3            | 0.000164    
21660      | 1          | 0          | 1               | 3            | 0.000041    

551370     | 1          | 0          | 1               | 2            | 0.000156    
437790     | 1          | 0          | 1               | 2            | 0.000137    
485760     | 1          | 0          | 1               | 6            | 0.000151    
891780     | 1          | 0          | 1               | 1            | 0.000184    
625290     | 1          | 0          | 1               | 2            | 0.000126    
796920     | 1          | 0          | 1               | 6            | 0.000130    
873900     | 1          | 0          | 1               | 1            | 0.000174    
360450     | 1          | 0          | 1               | 2            | 0.000128    
535110     | 1          | 0          | 1               | 2            | 0.000131    
326010     | 1          | 0          | 1               | 2            | 0.000137    
