Chave      | Leituras   | Escritas   | Transf T        | Comparações | Tempo_Total 
53280      | 0          | 0          | 0               | 0            | 0.000016    
696440     | 0          | 0          | 0               | 0            | 0.000024    
903440     | 0          | 0          | 0               | 0            | 0.000017    
434800     | 0          | 0          | 0               | 0            | 0.000017    
182200     | 0          | 0          | 0               | 0            | 0.000016    
71560      | 0          | 0          | 0               | 0            | 0.000016    
225560     | 0          | 0          | 0               | 0            | 0.000023    
377880     | 0          | 0          | 0               | 0            | 0.000016    
26680      | 0          | 0          | 0               | 0            | 0.000018    
12800      | 0          | 0          | 0               | 0            | 0.000016    
