Chave      | Leituras   | Escritas   | Transf T        | Comparações | Tempo_Total 
53280      | 125000     | 0          | 125000          | 0            | 1.680848    
696440     | 125000     | 0          | 125000          | 0            | 0.188016    
903440     | 125000     | 0          | 125000          | 0            | 0.184533    
434800     | 125000     | 0          | 125000          | 0            | 0.182871    
182200     | 125000     | 0          | 125000          | 0            | 0.184424    
71560      | 125000     | 0          | 125000          | 0            | 0.179228    
225560     | 125000     | 0          | 125000          | 0            | 0.184439    
377880     | 125000     | 0          | 125000          | 0            | 0.180969    
26680      | 125000     | 0          | 125000          | 0            | 0.182884    
12800      | 125000     | 0          | 125000          | 0            | 0.183206    
