Chave      | Leituras   | Escritas   | Transf T        | Comparações | Tempo_Total 
120        | 2985       | 1076       | 4061            | 57673        | 0.054507    
520        | 2985       | 1076       | 4061            | 57673        | 0.057790    
440        | 2985       | 1076       | 4061            | 57673        | 0.056853    
880        | 2985       | 1076       | 4061            | 57673        | 0.055953    
920        | 2985       | 1076       | 4061            | 57673        | 0.055146    
280        | 2985       | 1076       | 4061            | 57673        | 0.054869    
0          | 2985       | 1076       | 4061            | 57673        | 0.055175    
760        | 2985       | 1076       | 4061            | 57673        | 0.057905    
520        | 2985       | 1076       | 4061            | 57673        | 0.061742    
520        | 2985       | 1076       | 4061            | 57673        | 0.055177    
