Chave      | Leituras   | Escritas   | Transf T        | Comparações | Tempo_Total 
120        | 2          | 0          | 2               | 26           | 0.000085    
520        | 2          | 0          | 2               | 42           | 0.000073    
440        | 2          | 0          | 2               | 34           | 0.000082    
880        | 2          | 0          | 2               | 42           | 0.000069    
920        | 2          | 0          | 2               | 58           | 0.000067    
280        | 2          | 0          | 2               | 18           | 0.000084    
0          | 2          | 0          | 2               | 2            | 0.000078    
760        | 2          | 0          | 2               | 42           | 0.000071    
520        | 2          | 0          | 2               | 42           | 0.000088    
520        | 2          | 0          | 2               | 42           | 0.000084    
400        | 2          | 0          | 2               | 18           | 0.000112    
400        | 2          | 0          | 2               | 18           | 0.000101    
400        | 2          | 0          | 2               | 18           | 0.000098    
400        | 2          | 0          | 2               | 18           | 0.000092    
400        | 2          | 0          | 2               | 18           | 0.000086    
