Chave      | Leituras   | Escritas   | Transf T        | Comparações | Tempo_Total 
120        | 2          | 0          | 2               | 7            | 0.000073    
520        | 2          | 0          | 2               | 32           | 0.000088    
440        | 2          | 0          | 2               | 27           | 0.000079    
800        | 2          | 0          | 2               | 37           | 0.000078    
880        | 2          | 0          | 2               | 42           | 0.000080    
920        | 2          | 0          | 2               | 57           | 0.000083    
840        | 2          | 0          | 2               | 52           | 0.000101    
0          | 2          | 0          | 2               | 2            | 0.000057    
40         | 2          | 0          | 2               | 39           | 0.000072    
440        | 2          | 0          | 2               | 27           | 0.000098    
