Chave      | Leituras   | Escritas   | Transf T        | Comparações | Tempo_Total 
120        | 2984       | 1074       | 4058            | 38639        | 0.054127    
520        | 2984       | 1074       | 4058            | 38639        | 0.059500    
440        | 2984       | 1074       | 4058            | 38639        | 0.054029    
800        | 2984       | 1074       | 4058            | 38639        | 0.053426    
880        | 2984       | 1074       | 4058            | 38639        | 0.055211    
920        | 2984       | 1074       | 4058            | 38639        | 0.052365    
840        | 2984       | 1074       | 4058            | 38639        | 0.058320    
0          | 2984       | 1074       | 4058            | 38639        | 0.054212    
40         | 2984       | 1074       | 4058            | 38639        | 0.055678    
440        | 2984       | 1074       | 4058            | 38639        | 0.057098    
