Chave      | Leituras   | Escritas   | Transf T        | Comparações | Tempo_Total 
80         | 2          | 0          | 2               | 32           | 0.000067    
0          | 2          | 0          | 2               | 2            | 0.000063    
920        | 2          | 0          | 2               | 56           | 0.000070    
480        | 2          | 0          | 2               | 27           | 0.000075    
680        | 2          | 0          | 2               | 41           | 0.000078    
680        | 2          | 0          | 2               | 41           | 0.000068    
880        | 2          | 0          | 2               | 49           | 0.000074    
0          | 2          | 0          | 2               | 2            | 0.000094    
320        | 2          | 0          | 2               | 35           | 0.000072    
360        | 2          | 0          | 2               | 27           | 0.000071    
