Chave      | Leituras   | Escritas   | Transf T        | Comparações | Tempo_Total 
80         | 2977       | 1060       | 4037            | 46321        | 0.058290    
0          | 2977       | 1060       | 4037            | 46321        | 0.059431    
920        | 2977       | 1060       | 4037            | 46321        | 0.059780    
480        | 2977       | 1060       | 4037            | 46321        | 0.059348    
680        | 2977       | 1060       | 4037            | 46321        | 0.058653    
680        | 2977       | 1060       | 4037            | 46321        | 0.063811    
880        | 2977       | 1060       | 4037            | 46321        | 0.060090    
0          | 2977       | 1060       | 4037            | 46321        | 0.056483    
320        | 2977       | 1060       | 4037            | 46321        | 0.062492    
360        | 2977       | 1060       | 4037            | 46321        | 0.059560    
