Chave      | Leituras   | Escritas   | Transf T        | Comparações | Tempo_Total 
295240     | 5          | 0          | 5               | 54           | 0.000237    
6400       | 5          | 0          | 5               | 36           | 0.000217    
201240     | 5          | 0          | 5               | 69           | 0.000225    
85920      | 5          | 0          | 5               | 36           | 0.000288    
544680     | 5          | 0          | 5               | 45           | 0.000204    
163040     | 5          | 0          | 5               | 66           | 0.000281    
78800      | 5          | 0          | 5               | 32           | 0.000212    
710440     | 5          | 0          | 5               | 60           | 0.000257    
374720     | 5          | 0          | 5               | 63           | 0.000259    
534840     | 5          | 0          | 5               | 62           | 0.000260    
