Chave      | Leituras   | Escritas   | Transf T        | Comparações | Tempo_Total 
295240     | 5127635    | 1083188    | 6210823         | 141630250    | 97.089977   
6400       | 5127635    | 1083188    | 6210823         | 141630250    | 98.281152   
201240     | 5127635    | 1083188    | 6210823         | 141630250    | 96.635241   
85920      | 5127635    | 1083188    | 6210823         | 141630250    | 96.458835   
544680     | 5127635    | 1083188    | 6210823         | 141630250    | 96.048183   
163040     | 5127635    | 1083188    | 6210823         | 141630250    | 96.244194   
78800      | 5127635    | 1083188    | 6210823         | 141630250    | 97.461547   
710440     | 5127635    | 1083188    | 6210823         | 141630250    | 96.253677   
374720     | 5127635    | 1083188    | 6210823         | 141630250    | 96.844016   
534840     | 5127635    | 1083188    | 6210823         | 141630250    | 96.946988   
