Chave      | Leituras   | Escritas   | Transf T        | Comparações | Tempo_Total 
189440     | 5          | 0          | 5               | 73           | 0.000212    
516600     | 5          | 0          | 5               | 83           | 0.000202    
623880     | 5          | 0          | 5               | 58           | 0.000277    
171960     | 5          | 0          | 5               | 43           | 0.000206    
127000     | 5          | 0          | 5               | 58           | 0.000292    
971960     | 5          | 0          | 5               | 63           | 0.000676    
111080     | 5          | 0          | 5               | 38           | 0.000260    
223240     | 5          | 0          | 5               | 73           | 0.000288    
370800     | 5          | 0          | 5               | 58           | 0.000227    
855280     | 5          | 0          | 5               | 83           | 0.000554    
