Chave      | Leituras   | Escritas   | Transf T        | Comparações | Tempo_Total 
189440     | 5089485    | 1079988    | 6169473         | 43559812     | 95.139276   
516600     | 5089485    | 1079988    | 6169473         | 43559812     | 96.295166   
623880     | 5089485    | 1079988    | 6169473         | 43559812     | 96.067608   
171960     | 5089485    | 1079988    | 6169473         | 43559812     | 93.183886   
127000     | 5089485    | 1079988    | 6169473         | 43559812     | 96.583024   
971960     | 5089485    | 1079988    | 6169473         | 43559812     | 94.887388   
111080     | 5089485    | 1079988    | 6169473         | 43559812     | 97.514226   
223240     | 5089485    | 1079988    | 6169473         | 43559812     | 96.048802   
370800     | 5089485    | 1079988    | 6169473         | 43559812     | 98.133587   
855280     | 5089485    | 1079988    | 6169473         | 43559812     | 96.045278   
