Chave      | Leituras   | Escritas   | Transf T        | Comparações | Tempo_Total 
75720      | 4          | 0          | 4               | 60           | 0.000204    
66800      | 4          | 0          | 4               | 63           | 0.000389    
926200     | 4          | 0          | 4               | 95           | 0.000161    
719360     | 4          | 0          | 4               | 86           | 0.000187    
31360      | 4          | 0          | 4               | 39           | 0.000164    
930320     | 4          | 0          | 4               | 68           | 0.000166    
817400     | 4          | 0          | 4               | 94           | 0.000156    
435280     | 4          | 0          | 4               | 37           | 0.000178    
384160     | 4          | 0          | 4               | 87           | 0.000293    
226640     | 4          | 0          | 4               | 102          | 0.000149    
