Chave      | Leituras   | Escritas   | Transf T        | Comparações | Tempo_Total 
75720      | 4969072    | 1059202    | 6028274         | 83987395     | 148.648008  
66800      | 4969072    | 1059202    | 6028274         | 83987395     | 147.955124  
926200     | 4969072    | 1059202    | 6028274         | 83987395     | 144.020184  
719360     | 4969072    | 1059202    | 6028274         | 83987395     | 143.994029  
31360      | 4969072    | 1059202    | 6028274         | 83987395     | 143.945888  
930320     | 4969072    | 1059202    | 6028274         | 83987395     | 143.194809  
817400     | 4969072    | 1059202    | 6028274         | 83987395     | 144.781873  
435280     | 4969072    | 1059202    | 6028274         | 83987395     | 143.350106  
384160     | 4969072    | 1059202    | 6028274         | 83987395     | 144.543284  
226640     | 4969072    | 1059202    | 6028274         | 83987395     | 143.342675  
