Chave      | Leituras   | Escritas   | Transf T        | Comparações | Tempo_Total 
20         | 249        | 104        | 353             | 3295         | 0.004873    
20         | 249        | 104        | 353             | 3295         | 0.004645    
60         | 249        | 104        | 353             | 3295         | 0.004273    
80         | 249        | 104        | 353             | 3295         | 0.004932    
40         | 249        | 104        | 353             | 3295         | 0.004557    
80         | 249        | 104        | 353             | 3295         | 0.004605    
0          | 249        | 104        | 353             | 3295         | 0.004738    
60         | 249        | 104        | 353             | 3295         | 0.004821    
60         | 249        | 104        | 353             | 3295         | 0.004632    
80         | 249        | 104        | 353             | 3295         | 0.005380    
50         | 249        | 104        | 353             | 3295         | 0.007258    
50         | 249        | 104        | 353             | 3295         | 0.013895    
