Chave      | Leituras   | Escritas   | Transf T        | Comparações | Tempo_Total 
20         | 2          | 0          | 2               | 21           | 0.000054    
20         | 2          | 0          | 2               | 21           | 0.000048    
60         | 2          | 0          | 2               | 13           | 0.000042    
80         | 2          | 0          | 2               | 32           | 0.000052    
40         | 2          | 0          | 2               | 18           | 0.000046    
80         | 2          | 0          | 2               | 32           | 0.000050    
0          | 2          | 0          | 2               | 2            | 0.000067    
60         | 2          | 0          | 2               | 13           | 0.000049    
60         | 2          | 0          | 2               | 13           | 0.000053    
80         | 2          | 0          | 2               | 32           | 0.000061    
50         | 2          | 0          | 2               | 4            | 0.000089    
