Chave      | Leituras   | Escritas   | Transf T        | Comparações | Tempo_Total 
40         | 2          | 0          | 2               | 40           | 0.000049    
60         | 2          | 0          | 2               | 12           | 0.000070    
80         | 2          | 0          | 2               | 7            | 0.000057    
60         | 2          | 0          | 2               | 12           | 0.000053    
20         | 2          | 0          | 2               | 21           | 0.000083    
20         | 2          | 0          | 2               | 21           | 0.000042    
80         | 2          | 0          | 2               | 7            | 0.000056    
20         | 2          | 0          | 2               | 21           | 0.000054    
60         | 2          | 0          | 2               | 12           | 0.000058    
60         | 2          | 0          | 2               | 12           | 0.000063    
