Chave      | Leituras   | Escritas   | Transf T        | Comparações | Tempo_Total 
40         | 249        | 104        | 353             | 3174         | 0.004945    
60         | 249        | 104        | 353             | 3174         | 0.006415    
80         | 249        | 104        | 353             | 3174         | 0.004624    
60         | 249        | 104        | 353             | 3174         | 0.004567    
20         | 249        | 104        | 353             | 3174         | 0.004959    
20         | 249        | 104        | 353             | 3174         | 0.004847    
80         | 249        | 104        | 353             | 3174         | 0.006084    
20         | 249        | 104        | 353             | 3174         | 0.004759    
60         | 249        | 104        | 353             | 3174         | 0.004553    
60         | 249        | 104        | 353             | 3174         | 0.004813    
