Chave      | Leituras   | Escritas   | Transf T        | Comparações | Tempo_Total 
60         | 2          | 0          | 2               | 5            | 0.000047    
80         | 2          | 0          | 2               | 26           | 0.000057    
0          | 2          | 0          | 2               | 2            | 0.000045    
80         | 2          | 0          | 2               | 26           | 0.000059    
40         | 2          | 0          | 2               | 14           | 0.000046    
0          | 2          | 0          | 2               | 2            | 0.000039    
60         | 2          | 0          | 2               | 5            | 0.000058    
40         | 2          | 0          | 2               | 14           | 0.000045    
0          | 2          | 0          | 2               | 2            | 0.000043    
60         | 2          | 0          | 2               | 5            | 0.000054    
