Chave      | Leituras   | Escritas   | Transf T        | Comparações | Tempo_Total 
60         | 249        | 104        | 353             | 3235         | 0.005542    
80         | 249        | 104        | 353             | 3235         | 0.005413    
0          | 249        | 104        | 353             | 3235         | 0.004851    
80         | 249        | 104        | 353             | 3235         | 0.005061    
40         | 249        | 104        | 353             | 3235         | 0.004755    
0          | 249        | 104        | 353             | 3235         | 0.004477    
60         | 249        | 104        | 353             | 3235         | 0.005031    
40         | 249        | 104        | 353             | 3235         | 0.004800    
0          | 249        | 104        | 353             | 3235         | 0.004604    
60         | 249        | 104        | 353             | 3235         | 0.004984    
