Chave      | Leituras   | Escritas   | Transf T        | Comparações | Tempo_Total 
949440     | 23         | 0          | 23              | 44           | 0.000057    
347480     | 23         | 0          | 23              | 44           | 0.000060    
912360     | 30         | 0          | 30              | 58           | 0.000077    
700200     | 30         | 0          | 30              | 58           | 0.000068    
407160     | 30         | 0          | 30              | 58           | 0.000083    
859000     | 22         | 0          | 22              | 42           | 0.000057    
523440     | 29         | 0          | 29              | 56           | 0.000062    
845640     | 32         | 0          | 32              | 62           | 0.000063    
394040     | 34         | 0          | 34              | 66           | 0.000080    
29920      | 19         | 0          | 19              | 36           | 0.000040    
