Chave      | Leituras   | Escritas   | Transf T        | Comparações | Tempo_Total 
949440     | 25286927   | 1999999    | 27286926        | 25161927     | 66.342240   
347480     | 25286927   | 1999999    | 27286926        | 25161927     | 67.787101   
912360     | 25286927   | 1999999    | 27286926        | 25161927     | 68.039109   
700200     | 25286927   | 1999999    | 27286926        | 25161927     | 68.488257   
407160     | 25286927   | 1999999    | 27286926        | 25161927     | 68.661853   
859000     | 25286927   | 1999999    | 27286926        | 25161927     | 68.668143   
523440     | 25286927   | 1999999    | 27286926        | 25161927     | 68.137733   
845640     | 25286927   | 1999999    | 27286926        | 25161927     | 69.266773   
394040     | 25286927   | 1999999    | 27286926        | 25161927     | 68.644687   
29920      | 25286927   | 1999999    | 27286926        | 25161927     | 69.052090   
