Chave      | Leituras   | Escritas   | Transf T        | Comparações | Tempo_Total 
13         | 13         | 0          | 13              | 24           | 0.000013    
71         | 71         | 0          | 71              | 140          | 0.000051    
25         | 25         | 0          | 25              | 48           | 0.000026    
45         | 45         | 0          | 45              | 88           | 0.000042    
40         | 40         | 0          | 40              | 78           | 0.000031    
65         | 65         | 0          | 65              | 128          | 0.000062    
79         | 79         | 0          | 79              | 156          | 0.000058    
49         | 49         | 0          | 49              | 96           | 0.000055    
75         | 75         | 0          | 75              | 148          | 0.000052    
53         | 53         | 0          | 53              | 104          | 0.000047    
35         | 35         | 0          | 35              | 68           | 0.000034    
