Chave      | Leituras   | Escritas   | Transf T        | Comparações | Tempo_Total 
13         | 4975       | 199        | 5174            | 4950         | 0.023352    
71         | 4975       | 199        | 5174            | 4950         | 0.005698    
25         | 4975       | 199        | 5174            | 4950         | 0.005591    
45         | 4975       | 199        | 5174            | 4950         | 0.005227    
40         | 4975       | 199        | 5174            | 4950         | 0.006038    
65         | 4975       | 199        | 5174            | 4950         | 0.005970    
79         | 4975       | 199        | 5174            | 4950         | 0.005655    
49         | 4975       | 199        | 5174            | 4950         | 0.006453    
75         | 4975       | 199        | 5174            | 4950         | 0.006098    
53         | 4975       | 199        | 5174            | 4950         | 0.006135    
35         | 4963       | 199        | 5162            | 4950         | 0.008079    
