Chave      | Leituras   | Escritas   | Transf T        | Comparações | Tempo_Total 
79         | 22         | 0          | 22              | 42           | 0.000037    
32         | 69         | 0          | 69              | 136          | 0.000092    
4          | 97         | 0          | 97              | 192          | 0.000146    
28         | 73         | 0          | 73              | 144          | 0.000104    
80         | 21         | 0          | 21              | 40           | 0.000032    
62         | 39         | 0          | 39              | 76           | 0.000053    
58         | 43         | 0          | 43              | 84           | 0.000083    
98         | 3          | 0          | 3               | 4            | 0.000007    
34         | 67         | 0          | 67              | 132          | 0.000105    
27         | 74         | 0          | 74              | 146          | 0.000106    
14         | 87         | 0          | 87              | 172          | 0.000109    
73         | 28         | 0          | 28              | 54           | 0.000050    
46         | 55         | 0          | 55              | 108          | 0.000086    
16         | 85         | 0          | 85              | 168          | 0.000105    
16         | 85         | 0          | 85              | 168          | 0.000112    
77         | 24         | 0          | 24              | 46           | 0.000044    
