Chave      | Leituras   | Escritas   | Transf T        | Comparações | Tempo_Total 
20         | 4963       | 199        | 5162            | 4950         | 0.010787    
60         | 4963       | 199        | 5162            | 4950         | 0.004844    
60         | 4963       | 199        | 5162            | 4950         | 0.005736    
80         | 4963       | 199        | 5162            | 4950         | 0.004672    
60         | 4963       | 199        | 5162            | 4950         | 0.004504    
0          | 4963       | 199        | 5162            | 4950         | 0.004849    
20         | 4963       | 199        | 5162            | 4950         | 0.004613    
80         | 4963       | 199        | 5162            | 4950         | 0.005037    
60         | 4963       | 199        | 5162            | 4950         | 0.004762    
80         | 4963       | 199        | 5162            | 4950         | 0.004931    
