Chave      | Leituras   | Escritas   | Transf T        | Comparações | Tempo_Total 
80         | 5          | 0          | 5               | 8            | 0.000007    
40         | 9          | 0          | 9               | 16           | 0.000011    
0          | 8          | 0          | 8               | 16           | 0.000009    
40         | 9          | 0          | 9               | 16           | 0.000013    
60         | 8          | 0          | 8               | 14           | 0.000008    
60         | 8          | 0          | 8               | 14           | 0.000011    
60         | 8          | 0          | 8               | 14           | 0.000010    
0          | 8          | 0          | 8               | 16           | 0.000010    
60         | 8          | 0          | 8               | 14           | 0.000008    
20         | 12         | 0          | 12              | 22           | 0.000022    
