Chave      | Leituras   | Escritas   | Transf T        | Comparações | Tempo_Total 
39         | 669        | 199        | 868             | 644          | 0.007732    
29         | 669        | 199        | 868             | 644          | 0.002999    
44         | 669        | 199        | 868             | 644          | 0.002847    
10         | 669        | 199        | 868             | 644          | 0.002380    
90         | 669        | 199        | 868             | 644          | 0.002573    
73         | 669        | 199        | 868             | 644          | 0.002218    
73         | 669        | 199        | 868             | 644          | 0.002068    
11         | 669        | 199        | 868             | 644          | 0.002141    
11         | 669        | 199        | 868             | 644          | 0.003335    
61         | 669        | 199        | 868             | 644          | 0.003129    
56         | 669        | 199        | 868             | 644          | 0.041750    
56         | 669        | 199        | 868             | 644          | 0.009310    
