Chave      | Leituras   | Escritas   | Transf T        | Comparações | Tempo_Total 
40         | 348        | 104        | 452             | 3490         | 0.005751    
20         | 348        | 104        | 452             | 3490         | 0.006611    
40         | 348        | 104        | 452             | 3490         | 0.005718    
20         | 348        | 104        | 452             | 3490         | 0.006921    
0          | 348        | 104        | 452             | 3490         | 0.005654    
80         | 348        | 104        | 452             | 3490         | 0.005723    
20         | 348        | 104        | 452             | 3490         | 0.005743    
20         | 348        | 104        | 452             | 3490         | 0.006274    
60         | 348        | 104        | 452             | 3490         | 0.006103    
20         | 348        | 104        | 452             | 3490         | 0.005580    
50         | 348        | 104        | 452             | 3490         | 0.011900    
