Chave      | Leituras   | Escritas   | Transf T        | Comparações | Tempo_Total 
40         | 2          | 0          | 2               | 17           | 0.000061    
20         | 2          | 0          | 2               | 22           | 0.000063    
40         | 2          | 0          | 2               | 17           | 0.000042    
20         | 2          | 0          | 2               | 22           | 0.000077    
0          | 2          | 0          | 2               | 4            | 0.000050    
80         | 2          | 0          | 2               | 31           | 0.000062    
20         | 2          | 0          | 2               | 22           | 0.000054    
20         | 2          | 0          | 2               | 22           | 0.000050    
60         | 2          | 0          | 2               | 11           | 0.000053    
20         | 2          | 0          | 2               | 22           | 0.000048    
50         | 2          | 0          | 2               | 27           | 0.000070    
