Chave      | Leituras   | Escritas   | Transf T        | Comparações | Tempo_Total 
0          | 2          | 0          | 2               | 4            | 0.000046    
0          | 2          | 0          | 2               | 4            | 0.000041    
40         | 2          | 0          | 2               | 42           | 0.000047    
60         | 2          | 0          | 2               | 14           | 0.000059    
40         | 2          | 0          | 2               | 42           | 0.000050    
60         | 2          | 0          | 2               | 14           | 0.000050    
80         | 2          | 0          | 2               | 8            | 0.000094    
60         | 2          | 0          | 2               | 14           | 0.000063    
20         | 2          | 0          | 2               | 22           | 0.000042    
40         | 2          | 0          | 2               | 42           | 0.000055    
