Chave      | Leituras   | Escritas   | Transf T        | Comparações | Tempo_Total 
0          | 348        | 104        | 452             | 3467         | 0.005893    
0          | 348        | 104        | 452             | 3467         | 0.006069    
40         | 348        | 104        | 452             | 3467         | 0.005826    
60         | 348        | 104        | 452             | 3467         | 0.006209    
40         | 348        | 104        | 452             | 3467         | 0.005751    
60         | 348        | 104        | 452             | 3467         | 0.005672    
80         | 348        | 104        | 452             | 3467         | 0.005647    
60         | 348        | 104        | 452             | 3467         | 0.006016    
20         | 348        | 104        | 452             | 3467         | 0.005724    
40         | 348        | 104        | 452             | 3467         | 0.005961    
43         | 348        | 104        | 452             | 3467         | 0.248535    
