Chave      | Leituras   | Escritas   | Transf T        | Comparações | Tempo_Total 
80         | 2          | 0          | 2               | 27           | 0.000048    
0          | 2          | 0          | 2               | 4            | 0.000057    
60         | 2          | 0          | 2               | 7            | 0.000048    
80         | 2          | 0          | 2               | 27           | 0.000048    
80         | 2          | 0          | 2               | 27           | 0.000045    
0          | 2          | 0          | 2               | 4            | 0.000057    
0          | 2          | 0          | 2               | 4            | 0.000041    
0          | 2          | 0          | 2               | 4            | 0.000060    
80         | 2          | 0          | 2               | 27           | 0.000044    
40         | 2          | 0          | 2               | 17           | 0.000060    
