Chave      | Leituras   | Escritas   | Transf T        | Comparações | Tempo_Total 
80         | 348        | 104        | 452             | 3485         | 0.005467    
0          | 348        | 104        | 452             | 3485         | 0.005479    
60         | 348        | 104        | 452             | 3485         | 0.006024    
80         | 348        | 104        | 452             | 3485         | 0.006251    
80         | 348        | 104        | 452             | 3485         | 0.006153    
0          | 348        | 104        | 452             | 3485         | 0.006254    
0          | 348        | 104        | 452             | 3485         | 0.005896    
0          | 348        | 104        | 452             | 3485         | 0.006221    
80         | 348        | 104        | 452             | 3485         | 0.006459    
40         | 348        | 104        | 452             | 3485         | 0.005910    
