Chave      | Leituras   | Escritas   | Transf T        | Comparações | Tempo_Total 
244        | 1          | 0          | 1               | 3            | 0.000045    
943        | 1          | 0          | 1               | 2            | 0.000020    
825        | 1          | 0          | 1               | 2            | 0.000019    
342        | 1          | 0          | 1               | 1            | 0.000012    
15         | 1          | 0          | 1               | 2            | 0.000018    
911        | 1          | 0          | 1               | 2            | 0.000014    
480        | 1          | 0          | 1               | 3            | 0.000022    
222        | 1          | 0          | 1               | 1            | 0.000020    
121        | 1          | 0          | 1               | 2            | 0.000020    
491        | 1          | 0          | 1               | 2            | 0.000022    
174        | 1          | 0          | 1               | 1            | 0.000019    
600        | 1          | 0          | 1               | 3            | 0.000020    
78         | 1          | 0          | 1               | 1            | 0.000020    
470        | 1          | 0          | 1               | 1            | 0.000018    
459        | 1          | 0          | 1               | 2            | 0.000025    
587        | 1          | 0          | 1               | 2            | 0.000030    
876        | 1          | 0          | 1               | 3            | 0.000021    
772        | 1          | 0          | 1               | 3            | 0.000017    
283        | 1          | 0          | 1               | 2            | 0.000019    
511        | 1          | 0          | 1               | 2            | 0.000020    
73         | 1          | 0          | 1               | 2            | 0.000019    
43         | 1          | 0          | 1               | 2            | 0.000018    
142        | 1          | 0          | 1               | 1            | 0.000020    
415        | 1          | 0          | 1               | 2            | 0.000019    
234        | 1          | 0          | 1               | 1            | 0.000019    
399        | 1          | 0          | 1               | 2            | 0.000021    
878        | 1          | 0          | 1               | 1            | 0.000022    
759        | 1          | 0          | 1               | 2            | 0.000014    
809        | 1          | 0          | 1               | 2            | 0.000018    
654        | 1          | 0          | 1               | 1            | 0.000016    
903        | 1          | 0          | 1               | 2            | 0.000034    
838        | 1          | 0          | 1               | 1            | 0.000049    
182        | 1          | 0          | 1               | 1            | 0.000031    
503        | 1          | 0          | 1               | 2            | 0.000020    
508        | 1          | 0          | 1               | 3            | 0.000016    
901        | 1          | 0          | 1               | 2            | 0.000017    
588        | 1          | 0          | 1               | 3            | 0.000017    
408        | 1          | 0          | 1               | 3            | 0.000017    
160        | 1          | 0          | 1               | 3            | 0.000013    
464        | 1          | 0          | 1               | 3            | 0.000013    
511        | 1          | 0          | 1               | 2            | 0.000016    
884        | 1          | 0          | 1               | 3            | 0.000015    
948        | 1          | 0          | 1               | 3            | 0.000015    
280        | 1          | 0          | 1               | 3            | 0.000014    
244        | 1          | 0          | 1               | 3            | 0.000017    
3          | 1          | 0          | 1               | 2            | 0.000017    
965        | 1          | 0          | 1               | 2            | 0.000013    
44         | 1          | 0          | 1               | 3            | 0.000020    
151        | 1          | 0          | 1               | 2            | 0.000014    
227        | 1          | 0          | 1               | 2            | 0.000014    
548        | 1          | 0          | 1               | 3            | 0.000015    
552        | 1          | 0          | 1               | 3            | 0.000017    
807        | 1          | 0          | 1               | 2            | 0.000011    
769        | 1          | 0          | 1               | 2            | 0.000011    
162        | 1          | 0          | 1               | 1            | 0.000011    
46         | 1          | 0          | 1               | 1            | 0.000013    
300        | 1          | 0          | 1               | 3            | 0.000014    
87         | 1          | 0          | 1               | 2            | 0.000012    
718        | 1          | 0          | 1               | 1            | 0.000017    
713        | 1          | 0          | 1               | 2            | 0.000022    
91         | 1          | 0          | 1               | 2            | 0.000019    
803        | 1          | 0          | 1               | 2            | 0.000011    
432        | 1          | 0          | 1               | 3            | 0.000014    
157        | 1          | 0          | 1               | 2            | 0.000018    
203        | 1          | 0          | 1               | 2            | 0.000017    
946        | 1          | 0          | 1               | 1            | 0.000027    
292        | 1          | 0          | 1               | 3            | 0.000014    
720        | 1          | 0          | 1               | 3            | 0.000013    
399        | 1          | 0          | 1               | 2            | 0.000011    
247        | 1          | 0          | 1               | 2            | 0.000013    
169        | 1          | 0          | 1               | 2            | 0.000017    
209        | 1          | 0          | 1               | 2            | 0.000015    
152        | 1          | 0          | 1               | 3            | 0.000016    
445        | 1          | 0          | 1               | 2            | 0.000019    
457        | 1          | 0          | 1               | 2            | 0.000015    
865        | 1          | 0          | 1               | 2            | 0.000014    
700        | 1          | 0          | 1               | 3            | 0.000012    
891        | 1          | 0          | 1               | 2            | 0.000014    
738        | 1          | 0          | 1               | 1            | 0.000020    
462        | 1          | 0          | 1               | 1            | 0.000016    
212        | 1          | 0          | 1               | 3            | 0.000014    
40         | 1          | 0          | 1               | 3            | 0.000013    
822        | 1          | 0          | 1               | 1            | 0.000013    
517        | 1          | 0          | 1               | 2            | 0.000018    
940        | 1          | 0          | 1               | 3            | 0.000013    
313        | 1          | 0          | 1               | 2            | 0.000014    
787        | 1          | 0          | 1               | 2            | 0.000014    
500        | 1          | 0          | 1               | 3            | 0.000012    
804        | 1          | 0          | 1               | 3            | 0.000015    
356        | 1          | 0          | 1               | 3            | 0.000013    
87         | 1          | 0          | 1               | 2            | 0.000020    
815        | 1          | 0          | 1               | 2            | 0.000015    
723        | 1          | 0          | 1               | 2            | 0.000014    
184        | 1          | 0          | 1               | 3            | 0.000014    
343        | 1          | 0          | 1               | 2            | 0.000015    
215        | 1          | 0          | 1               | 2            | 0.000012    
289        | 1          | 0          | 1               | 2            | 0.000013    
597        | 1          | 0          | 1               | 2            | 0.000013    
910        | 1          | 0          | 1               | 1            | 0.000012    
187        | 1          | 0          | 1               | 2            | 0.000012    
360        | 1          | 0          | 1               | 4            | 0.000029    
760        | 1          | 0          | 1               | 4            | 0.000020    
160        | 1          | 0          | 1               | 4            | 0.000032    
80         | 1          | 0          | 1               | 4            | 0.000026    
720        | 1          | 0          | 1               | 4            | 0.000025    
960        | 1          | 0          | 1               | 4            | 0.000022    
400        | 1          | 0          | 1               | 4            | 0.000025    
120        | 1          | 0          | 1               | 4            | 0.000019    
480        | 1          | 0          | 1               | 4            | 0.000036    
200        | 1          | 0          | 1               | 4            | 0.000025    
840        | 1          | 0          | 1               | 4            | 0.000019    
440        | 1          | 0          | 1               | 4            | 0.000028    
680        | 1          | 0          | 1               | 4            | 0.000018    
360        | 1          | 0          | 1               | 4            | 0.000018    
560        | 1          | 0          | 1               | 4            | 0.000019    
720        | 1          | 0          | 1               | 4            | 0.000018    
640        | 1          | 0          | 1               | 4            | 0.000016    
520        | 1          | 0          | 1               | 4            | 0.000024    
80         | 1          | 0          | 1               | 4            | 0.000024    
720        | 1          | 0          | 1               | 4            | 0.000018    
680        | 1          | 0          | 1               | 4            | 0.000019    
40         | 1          | 0          | 1               | 4            | 0.000020    
360        | 1          | 0          | 1               | 4            | 0.000019    
920        | 1          | 0          | 1               | 4            | 0.000020    
320        | 1          | 0          | 1               | 4            | 0.000019    
840        | 1          | 0          | 1               | 4            | 0.000018    
640        | 1          | 0          | 1               | 4            | 0.000018    
80         | 1          | 0          | 1               | 4            | 0.000018    
760        | 1          | 0          | 1               | 4            | 0.000019    
320        | 1          | 0          | 1               | 4            | 0.000020    
280        | 1          | 0          | 1               | 4            | 0.000025    
760        | 1          | 0          | 1               | 4            | 0.000022    
960        | 1          | 0          | 1               | 4            | 0.000018    
960        | 1          | 0          | 1               | 4            | 0.000023    
200        | 1          | 0          | 1               | 4            | 0.000032    
0          | 0          | 0          | 0               | 0            | 0.000012    
640        | 1          | 0          | 1               | 4            | 0.000019    
680        | 1          | 0          | 1               | 4            | 0.000017    
40         | 1          | 0          | 1               | 4            | 0.000025    
360        | 1          | 0          | 1               | 4            | 0.000022    
543        | 1          | 0          | 1               | 3            | 0.000047    
543        | 1          | 0          | 1               | 3            | 0.000128    
543        | 1          | 0          | 1               | 3            | 0.000102    
