Chave      | Leituras   | Escritas   | Transf T        | Comparações | Tempo_Total 
244        | 250        | 0          | 250             | 0            | 0.001079    
943        | 250        | 0          | 250             | 0            | 0.000407    
825        | 250        | 0          | 250             | 0            | 0.000390    
342        | 250        | 0          | 250             | 0            | 0.000357    
15         | 250        | 0          | 250             | 0            | 0.000528    
911        | 250        | 0          | 250             | 0            | 0.000410    
480        | 250        | 0          | 250             | 0            | 0.000500    
222        | 250        | 0          | 250             | 0            | 0.000577    
121        | 250        | 0          | 250             | 0            | 0.000583    
491        | 250        | 0          | 250             | 0            | 0.000603    
174        | 250        | 0          | 250             | 0            | 0.000610    
600        | 250        | 0          | 250             | 0            | 0.000590    
78         | 250        | 0          | 250             | 0            | 0.000622    
470        | 250        | 0          | 250             | 0            | 0.000616    
459        | 250        | 0          | 250             | 0            | 0.000599    
587        | 250        | 0          | 250             | 0            | 0.000619    
876        | 250        | 0          | 250             | 0            | 0.000664    
772        | 250        | 0          | 250             | 0            | 0.000604    
283        | 250        | 0          | 250             | 0            | 0.000580    
511        | 250        | 0          | 250             | 0            | 0.000576    
73         | 250        | 0          | 250             | 0            | 0.000608    
43         | 250        | 0          | 250             | 0            | 0.000596    
142        | 250        | 0          | 250             | 0            | 0.000590    
415        | 250        | 0          | 250             | 0            | 0.000579    
234        | 250        | 0          | 250             | 0            | 0.000620    
399        | 250        | 0          | 250             | 0            | 0.000628    
878        | 250        | 0          | 250             | 0            | 0.000608    
759        | 250        | 0          | 250             | 0            | 0.000416    
809        | 250        | 0          | 250             | 0            | 0.000519    
654        | 250        | 0          | 250             | 0            | 0.000410    
903        | 250        | 0          | 250             | 0            | 0.001028    
838        | 250        | 0          | 250             | 0            | 0.001226    
182        | 250        | 0          | 250             | 0            | 0.000534    
503        | 250        | 0          | 250             | 0            | 0.000369    
508        | 250        | 0          | 250             | 0            | 0.000338    
901        | 250        | 0          | 250             | 0            | 0.000497    
588        | 250        | 0          | 250             | 0            | 0.000399    
408        | 250        | 0          | 250             | 0            | 0.000376    
160        | 250        | 0          | 250             | 0            | 0.000377    
464        | 250        | 0          | 250             | 0            | 0.000392    
511        | 250        | 0          | 250             | 0            | 0.000389    
884        | 250        | 0          | 250             | 0            | 0.000343    
948        | 250        | 0          | 250             | 0            | 0.000336    
280        | 250        | 0          | 250             | 0            | 0.000347    
244        | 250        | 0          | 250             | 0            | 0.000361    
3          | 250        | 0          | 250             | 0            | 0.000391    
965        | 250        | 0          | 250             | 0            | 0.000345    
44         | 250        | 0          | 250             | 0            | 0.000423    
151        | 250        | 0          | 250             | 0            | 0.000400    
227        | 250        | 0          | 250             | 0            | 0.000428    
548        | 250        | 0          | 250             | 0            | 0.000404    
552        | 250        | 0          | 250             | 0            | 0.000358    
807        | 250        | 0          | 250             | 0            | 0.000339    
769        | 250        | 0          | 250             | 0            | 0.000334    
162        | 250        | 0          | 250             | 0            | 0.000331    
46         | 250        | 0          | 250             | 0            | 0.000352    
300        | 250        | 0          | 250             | 0            | 0.000342    
87         | 250        | 0          | 250             | 0            | 0.000347    
718        | 250        | 0          | 250             | 0            | 0.000471    
713        | 250        | 0          | 250             | 0            | 0.000502    
91         | 250        | 0          | 250             | 0            | 0.000961    
803        | 250        | 0          | 250             | 0            | 0.000449    
432        | 250        | 0          | 250             | 0            | 0.000348    
157        | 250        | 0          | 250             | 0            | 0.000431    
203        | 250        | 0          | 250             | 0            | 0.000445    
946        | 250        | 0          | 250             | 0            | 0.000583    
292        | 250        | 0          | 250             | 0            | 0.000431    
720        | 250        | 0          | 250             | 0            | 0.000351    
399        | 250        | 0          | 250             | 0            | 0.000341    
247        | 250        | 0          | 250             | 0            | 0.000342    
169        | 250        | 0          | 250             | 0            | 0.000345    
209        | 250        | 0          | 250             | 0            | 0.000335    
152        | 250        | 0          | 250             | 0            | 0.000334    
445        | 250        | 0          | 250             | 0            | 0.000357    
457        | 250        | 0          | 250             | 0            | 0.000378    
865        | 250        | 0          | 250             | 0            | 0.000410    
700        | 250        | 0          | 250             | 0            | 0.000350    
891        | 250        | 0          | 250             | 0            | 0.000406    
738        | 250        | 0          | 250             | 0            | 0.000431    
462        | 250        | 0          | 250             | 0            | 0.000439    
212        | 250        | 0          | 250             | 0            | 0.000384    
40         | 250        | 0          | 250             | 0            | 0.000355    
822        | 250        | 0          | 250             | 0            | 0.000337    
517        | 250        | 0          | 250             | 0            | 0.000354    
940        | 250        | 0          | 250             | 0            | 0.000339    
313        | 250        | 0          | 250             | 0            | 0.000334    
787        | 250        | 0          | 250             | 0            | 0.000339    
500        | 250        | 0          | 250             | 0            | 0.000365    
804        | 250        | 0          | 250             | 0            | 0.000358    
356        | 250        | 0          | 250             | 0            | 0.000351    
87         | 250        | 0          | 250             | 0            | 0.002456    
815        | 250        | 0          | 250             | 0            | 0.000397    
723        | 250        | 0          | 250             | 0            | 0.000436    
184        | 250        | 0          | 250             | 0            | 0.000304    
343        | 250        | 0          | 250             | 0            | 0.000337    
215        | 250        | 0          | 250             | 0            | 0.000270    
289        | 250        | 0          | 250             | 0            | 0.000295    
597        | 250        | 0          | 250             | 0            | 0.000311    
910        | 250        | 0          | 250             | 0            | 0.000284    
187        | 250        | 0          | 250             | 0            | 0.000278    
360        | 125        | 0          | 125             | 0            | 0.001897    
760        | 125        | 0          | 125             | 0            | 0.000204    
160        | 125        | 0          | 125             | 0            | 0.000259    
80         | 125        | 0          | 125             | 0            | 0.000141    
720        | 125        | 0          | 125             | 0            | 0.000181    
960        | 125        | 0          | 125             | 0            | 0.000129    
400        | 125        | 0          | 125             | 0            | 0.000135    
120        | 125        | 0          | 125             | 0            | 0.000184    
480        | 125        | 0          | 125             | 0            | 0.000125    
200        | 125        | 0          | 125             | 0            | 0.000143    
840        | 125        | 0          | 125             | 0            | 0.000210    
440        | 125        | 0          | 125             | 0            | 0.000271    
680        | 125        | 0          | 125             | 0            | 0.000169    
360        | 125        | 0          | 125             | 0            | 0.000157    
560        | 125        | 0          | 125             | 0            | 0.000141    
720        | 125        | 0          | 125             | 0            | 0.000129    
640        | 125        | 0          | 125             | 0            | 0.000123    
520        | 125        | 0          | 125             | 0            | 0.000232    
80         | 125        | 0          | 125             | 0            | 0.000126    
720        | 125        | 0          | 125             | 0            | 0.000131    
680        | 125        | 0          | 125             | 0            | 0.000208    
40         | 125        | 0          | 125             | 0            | 0.000274    
360        | 125        | 0          | 125             | 0            | 0.000141    
920        | 125        | 0          | 125             | 0            | 0.000168    
320        | 125        | 0          | 125             | 0            | 0.000126    
840        | 125        | 0          | 125             | 0            | 0.000120    
640        | 125        | 0          | 125             | 0            | 0.000119    
80         | 125        | 0          | 125             | 0            | 0.000119    
760        | 125        | 0          | 125             | 0            | 0.000118    
320        | 125        | 0          | 125             | 0            | 0.000124    
280        | 125        | 0          | 125             | 0            | 0.000191    
760        | 125        | 0          | 125             | 0            | 0.000196    
960        | 125        | 0          | 125             | 0            | 0.000166    
960        | 125        | 0          | 125             | 0            | 0.000143    
200        | 125        | 0          | 125             | 0            | 0.000171    
0          | 125        | 0          | 125             | 0            | 0.000173    
640        | 125        | 0          | 125             | 0            | 0.000156    
680        | 125        | 0          | 125             | 0            | 0.000146    
40         | 125        | 0          | 125             | 0            | 0.000158    
360        | 125        | 0          | 125             | 0            | 0.000204    
543        | 125        | 0          | 125             | 0            | 0.003360    
543        | 125        | 0          | 125             | 0            | 0.000502    
543        | 125        | 0          | 125             | 0            | 0.000555    
