Chave      | Leituras   | Escritas   | Transf T        | Comparações | Tempo_Total 
560        | 1          | 0          | 1               | 3            | 0.000028    
560        | 0          | 0          | 0               | 0            | 0.000050    
560        | 0          | 0          | 0               | 0            | 0.000048    
560        | 0          | 0          | 0               | 0            | 0.000015    
320        | 0          | 0          | 0               | 0            | 0.000019    
320        | 0          | 0          | 0               | 0            | 0.000021    
360        | 0          | 0          | 0               | 0            | 0.000015    
320        | 0          | 0          | 0               | 0            | 0.000016    
800        | 0          | 0          | 0               | 0            | 0.000012    
720        | 0          | 0          | 0               | 0            | 0.000019    
920        | 0          | 0          | 0               | 0            | 0.000014    
400        | 0          | 0          | 0               | 0            | 0.000017    
960        | 0          | 0          | 0               | 0            | 0.000014    
600        | 0          | 0          | 0               | 0            | 0.000014    
440        | 0          | 0          | 0               | 0            | 0.000013    
640        | 0          | 0          | 0               | 0            | 0.000012    
0          | 1          | 0          | 1               | 4            | 0.000027    
320        | 0          | 0          | 0               | 0            | 0.000016    
360        | 0          | 0          | 0               | 0            | 0.000015    
360        | 0          | 0          | 0               | 0            | 0.000013    
40         | 0          | 0          | 0               | 0            | 0.000017    
760        | 0          | 0          | 0               | 0            | 0.000014    
800        | 0          | 0          | 0               | 0            | 0.000017    
520        | 0          | 0          | 0               | 0            | 0.000014    
440        | 0          | 0          | 0               | 0            | 0.000015    
960        | 0          | 0          | 0               | 0            | 0.000018    
960        | 0          | 0          | 0               | 0            | 0.000011    
960        | 0          | 0          | 0               | 0            | 0.000017    
240        | 0          | 0          | 0               | 0            | 0.000012    
960        | 0          | 0          | 0               | 0            | 0.000012    
960        | 0          | 0          | 0               | 0            | 0.000015    
920        | 0          | 0          | 0               | 0            | 0.000011    
520        | 0          | 0          | 0               | 0            | 0.000012    
0          | 1          | 0          | 1               | 4            | 0.000026    
680        | 0          | 0          | 0               | 0            | 0.000017    
120        | 0          | 0          | 0               | 0            | 0.000013    
320        | 0          | 0          | 0               | 0            | 0.000015    
200        | 0          | 0          | 0               | 0            | 0.000011    
240        | 0          | 0          | 0               | 0            | 0.000012    
600        | 0          | 0          | 0               | 0            | 0.000013    
240        | 0          | 0          | 0               | 0            | 0.000014    
200        | 0          | 0          | 0               | 0            | 0.000011    
760        | 0          | 0          | 0               | 0            | 0.000012    
320        | 0          | 0          | 0               | 0            | 0.000012    
543        | 0          | 0          | 0               | 0            | 0.000018    
