Chave      | Leituras   | Escritas   | Transf T        | Comparações | Tempo_Total 
560        | 125        | 0          | 125             | 0            | 0.002455    
560        | 125        | 0          | 125             | 0            | 0.000605    
560        | 125        | 0          | 125             | 0            | 0.000566    
560        | 125        | 0          | 125             | 0            | 0.000202    
320        | 125        | 0          | 125             | 0            | 0.001827    
320        | 125        | 0          | 125             | 0            | 0.000224    
360        | 125        | 0          | 125             | 0            | 0.000234    
320        | 125        | 0          | 125             | 0            | 0.000142    
800        | 125        | 0          | 125             | 0            | 0.000133    
720        | 125        | 0          | 125             | 0            | 0.000132    
920        | 125        | 0          | 125             | 0            | 0.000143    
400        | 125        | 0          | 125             | 0            | 0.000235    
960        | 125        | 0          | 125             | 0            | 0.000166    
600        | 125        | 0          | 125             | 0            | 0.000163    
440        | 125        | 0          | 125             | 0            | 0.000184    
640        | 125        | 0          | 125             | 0            | 0.000171    
0          | 125        | 0          | 125             | 0            | 0.000183    
320        | 125        | 0          | 125             | 0            | 0.000154    
360        | 125        | 0          | 125             | 0            | 0.000241    
360        | 125        | 0          | 125             | 0            | 0.000187    
40         | 125        | 0          | 125             | 0            | 0.000184    
760        | 125        | 0          | 125             | 0            | 0.000170    
800        | 125        | 0          | 125             | 0            | 0.000145    
520        | 125        | 0          | 125             | 0            | 0.000144    
440        | 125        | 0          | 125             | 0            | 0.000200    
960        | 125        | 0          | 125             | 0            | 0.000265    
960        | 125        | 0          | 125             | 0            | 0.000155    
960        | 125        | 0          | 125             | 0            | 0.000174    
240        | 125        | 0          | 125             | 0            | 0.000127    
960        | 125        | 0          | 125             | 0            | 0.000251    
960        | 125        | 0          | 125             | 0            | 0.000140    
920        | 125        | 0          | 125             | 0            | 0.000124    
520        | 125        | 0          | 125             | 0            | 0.000120    
0          | 125        | 0          | 125             | 0            | 0.000121    
680        | 125        | 0          | 125             | 0            | 0.000197    
120        | 125        | 0          | 125             | 0            | 0.000195    
320        | 125        | 0          | 125             | 0            | 0.000296    
200        | 125        | 0          | 125             | 0            | 0.000145    
240        | 125        | 0          | 125             | 0            | 0.000206    
600        | 125        | 0          | 125             | 0            | 0.000143    
240        | 125        | 0          | 125             | 0            | 0.000149    
200        | 125        | 0          | 125             | 0            | 0.000130    
760        | 125        | 0          | 125             | 0            | 0.000134    
320        | 125        | 0          | 125             | 0            | 0.000122    
