Chave      | Leituras   | Escritas   | Transf T        | Comparações | Tempo_Total 
2080       | 39057      | 10824      | 49881           | 826252       | 0.756223    
5000       | 39057      | 10824      | 49881           | 826252       | 0.759326    
3560       | 39057      | 10824      | 49881           | 826252       | 0.759326    
2440       | 39057      | 10824      | 49881           | 826252       | 0.749262    
680        | 39057      | 10824      | 49881           | 826252       | 0.747075    
4480       | 39057      | 10824      | 49881           | 826252       | 0.755217    
5600       | 39057      | 10824      | 49881           | 826252       | 0.773576    
480        | 39057      | 10824      | 49881           | 826252       | 0.751544    
3560       | 39057      | 10824      | 49881           | 826252       | 0.753199    
8040       | 39057      | 10824      | 49881           | 826252       | 0.761463    
