Chave      | Leituras   | Escritas   | Transf T        | Comparações | Tempo_Total 
2080       | 3          | 0          | 3               | 16           | 0.000143    
5000       | 3          | 0          | 3               | 28           | 0.000138    
3560       | 3          | 0          | 3               | 30           | 0.000144    
2440       | 3          | 0          | 3               | 40           | 0.000143    
680        | 3          | 0          | 3               | 10           | 0.000128    
4480       | 3          | 0          | 3               | 37           | 0.000128    
5600       | 3          | 0          | 3               | 27           | 0.000150    
480        | 3          | 0          | 3               | 27           | 0.000130    
3560       | 3          | 0          | 3               | 30           | 0.000126    
8040       | 3          | 0          | 3               | 39           | 0.000138    
