Chave      | Leituras   | Escritas   | Transf T        | Comparações | Tempo_Total 
8800       | 3          | 0          | 3               | 39           | 0.000160    
8840       | 3          | 0          | 3               | 29           | 0.000178    
1360       | 3          | 0          | 3               | 24           | 0.000204    
6760       | 3          | 0          | 3               | 24           | 0.000123    
2920       | 3          | 0          | 3               | 34           | 0.000140    
3560       | 3          | 0          | 3               | 24           | 0.000134    
6520       | 3          | 0          | 3               | 34           | 0.000171    
6000       | 3          | 0          | 3               | 14           | 0.000129    
8760       | 3          | 0          | 3               | 24           | 0.000139    
1840       | 3          | 0          | 3               | 29           | 0.000135    
