Chave      | Leituras   | Escritas   | Transf T        | Comparações | Tempo_Total 
8800       | 38991      | 10792      | 49783           | 411099       | 0.751573    
8840       | 38991      | 10792      | 49783           | 411099       | 0.743546    
1360       | 38991      | 10792      | 49783           | 411099       | 0.747632    
6760       | 38991      | 10792      | 49783           | 411099       | 0.748013    
2920       | 38991      | 10792      | 49783           | 411099       | 0.755323    
3560       | 38991      | 10792      | 49783           | 411099       | 0.755387    
6520       | 38991      | 10792      | 49783           | 411099       | 0.754153    
6000       | 38991      | 10792      | 49783           | 411099       | 0.720369    
8760       | 38991      | 10792      | 49783           | 411099       | 0.743752    
1840       | 38991      | 10792      | 49783           | 411099       | 0.762477    
