Chave      | Leituras   | Escritas   | Transf T        | Comparações | Tempo_Total 
1320       | 3          | 0          | 3               | 40           | 0.000125    
5120       | 3          | 0          | 3               | 18           | 0.000132    
8200       | 3          | 0          | 3               | 63           | 0.000119    
4840       | 3          | 0          | 3               | 69           | 0.000138    
3200       | 3          | 0          | 3               | 34           | 0.000119    
5480       | 3          | 0          | 3               | 56           | 0.000164    
8440       | 3          | 0          | 3               | 43           | 0.000133    
4680       | 3          | 0          | 3               | 38           | 0.000119    
7600       | 3          | 0          | 3               | 15           | 0.000112    
760        | 3          | 0          | 3               | 50           | 0.000152    
3550       | 3          | 0          | 3               | 42           | 0.000124    
