Chave      | Leituras   | Escritas   | Transf T        | Comparações | Tempo_Total 
1320       | 38419      | 10582      | 49001           | 595281       | 0.937213    
5120       | 38419      | 10582      | 49001           | 595281       | 0.959514    
8200       | 38419      | 10582      | 49001           | 595281       | 0.937823    
4840       | 38419      | 10582      | 49001           | 595281       | 0.919273    
3200       | 38419      | 10582      | 49001           | 595281       | 0.920813    
5480       | 38419      | 10582      | 49001           | 595281       | 0.919820    
8440       | 38419      | 10582      | 49001           | 595281       | 0.921239    
4680       | 38419      | 10582      | 49001           | 595281       | 0.917267    
7600       | 38419      | 10582      | 49001           | 595281       | 0.920837    
760        | 38419      | 10582      | 49001           | 595281       | 0.910958    
3550       | 38419      | 10582      | 49001           | 595281       | 1.153635    
