Chave      | Leituras   | Escritas   | Transf T        | Comparações | Tempo_Total 
200        | 2          | 0          | 2               | 27           | 0.000093    
200        | 2          | 0          | 2               | 27           | 0.000086    
40         | 2          | 0          | 2               | 17           | 0.000090    
120        | 2          | 0          | 2               | 22           | 0.000077    
40         | 2          | 0          | 2               | 17           | 0.000080    
200        | 2          | 0          | 2               | 27           | 0.000080    
360        | 2          | 0          | 2               | 37           | 0.000085    
160        | 2          | 0          | 2               | 12           | 0.000082    
0          | 2          | 0          | 2               | 4            | 0.000081    
600        | 2          | 0          | 2               | 27           | 0.000073    
