Chave      | Leituras   | Escritas   | Transf T        | Comparações | Tempo_Total 
200        | 3983       | 1074       | 5057            | 59260        | 0.061483    
200        | 3983       | 1074       | 5057            | 59260        | 0.066631    
40         | 3983       | 1074       | 5057            | 59260        | 0.082596    
120        | 3983       | 1074       | 5057            | 59260        | 0.064203    
40         | 3983       | 1074       | 5057            | 59260        | 0.065661    
200        | 3983       | 1074       | 5057            | 59260        | 0.065379    
360        | 3983       | 1074       | 5057            | 59260        | 0.065585    
160        | 3983       | 1074       | 5057            | 59260        | 0.067560    
0          | 3983       | 1074       | 5057            | 59260        | 0.065856    
600        | 3983       | 1074       | 5057            | 59260        | 0.062598    
