Chave      | Leituras   | Escritas   | Transf T        | Comparações | Tempo_Total 
240        | 2          | 0          | 2               | 29           | 0.000121    
280        | 2          | 0          | 2               | 19           | 0.000076    
640        | 2          | 0          | 2               | 29           | 0.000094    
0          | 2          | 0          | 2               | 4            | 0.000060    
400        | 2          | 0          | 2               | 39           | 0.000074    
440        | 2          | 0          | 2               | 29           | 0.000095    
280        | 2          | 0          | 2               | 19           | 0.000085    
400        | 2          | 0          | 2               | 39           | 0.000083    
40         | 2          | 0          | 2               | 4            | 0.000078    
680        | 2          | 0          | 2               | 44           | 0.000085    
543        | 2          | 0          | 2               | 32           | 0.000118    
543        | 2          | 0          | 2               | 32           | 0.000098    
544        | 2          | 0          | 2               | 33           | 0.000134    
544        | 2          | 0          | 2               | 33           | 0.000116    
