Chave      | Leituras   | Escritas   | Transf T        | Comparações | Tempo_Total 
240        | 3983       | 1074       | 5057            | 43042        | 0.068994    
280        | 3983       | 1074       | 5057            | 43042        | 0.071584    
640        | 3983       | 1074       | 5057            | 43042        | 0.070144    
0          | 3983       | 1074       | 5057            | 43042        | 0.072824    
400        | 3983       | 1074       | 5057            | 43042        | 0.059749    
440        | 3983       | 1074       | 5057            | 43042        | 0.058780    
280        | 3983       | 1074       | 5057            | 43042        | 0.065106    
400        | 3983       | 1074       | 5057            | 43042        | 0.074481    
40         | 3983       | 1074       | 5057            | 43042        | 0.066679    
680        | 3983       | 1074       | 5057            | 43042        | 0.060107    
543        | 3983       | 1074       | 5057            | 43042        | 0.101492    
543        | 3983       | 1074       | 5057            | 43042        | 0.111148    
544        | 3983       | 1074       | 5057            | 43042        | 0.111470    
544        | 3983       | 1074       | 5057            | 43042        | 0.106967    
