Chave      | Leituras   | Escritas   | Transf T        | Comparações | Tempo_Total 
200        | 2          | 0          | 2               | 14           | 0.000075    
240        | 2          | 0          | 2               | 26           | 0.000063    
280        | 2          | 0          | 2               | 34           | 0.000066    
480        | 2          | 0          | 2               | 53           | 0.000064    
320        | 2          | 0          | 2               | 27           | 0.000083    
40         | 2          | 0          | 2               | 16           | 0.000077    
680        | 2          | 0          | 2               | 26           | 0.000069    
320        | 2          | 0          | 2               | 27           | 0.000092    
760        | 2          | 0          | 2               | 54           | 0.000064    
400        | 2          | 0          | 2               | 22           | 0.000070    
543        | 2          | 0          | 2               | 39           | 0.000066    
543        | 2          | 0          | 2               | 39           | 0.000081    
