Chave      | Leituras   | Escritas   | Transf T        | Comparações | Tempo_Total 
200        | 3973       | 1054       | 5027            | 47855        | 0.071501    
240        | 3973       | 1054       | 5027            | 47855        | 0.075507    
280        | 3973       | 1054       | 5027            | 47855        | 0.067072    
480        | 3973       | 1054       | 5027            | 47855        | 0.064923    
320        | 3973       | 1054       | 5027            | 47855        | 0.069456    
40         | 3973       | 1054       | 5027            | 47855        | 0.067496    
680        | 3973       | 1054       | 5027            | 47855        | 0.062797    
320        | 3973       | 1054       | 5027            | 47855        | 0.088123    
760        | 3973       | 1054       | 5027            | 47855        | 0.063378    
400        | 3973       | 1054       | 5027            | 47855        | 0.071012    
543        | 3973       | 1054       | 5027            | 47855        | 0.061640    
543        | 3973       | 1054       | 5027            | 47855        | 0.072862    
