Chave      | Leituras   | Escritas   | Transf T        | Comparações | Tempo_Total 
76         | 25         | 0          | 25              | 0            | 0.000044    
97         | 25         | 0          | 25              | 0            | 0.000034    
31         | 25         | 0          | 25              | 0            | 0.000091    
56         | 25         | 0          | 25              | 0            | 0.000029    
87         | 25         | 0          | 25              | 0            | 0.000031    
61         | 25         | 0          | 25              | 0            | 0.000032    
62         | 25         | 0          | 25              | 0            | 0.000032    
47         | 25         | 0          | 25              | 0            | 0.000032    
65         | 25         | 0          | 25              | 0            | 0.000031    
88         | 25         | 0          | 25              | 0            | 0.000031    
35         | 13         | 0          | 13              | 0            | 0.000087    
0          | 13         | 0          | 13              | 0            | 0.000245    
40         | 13         | 0          | 13              | 0            | 0.000027    
40         | 13         | 0          | 13              | 0            | 0.000024    
0          | 13         | 0          | 13              | 0            | 0.000018    
40         | 13         | 0          | 13              | 0            | 0.000018    
0          | 13         | 0          | 13              | 0            | 0.000020    
80         | 13         | 0          | 13              | 0            | 0.000050    
60         | 13         | 0          | 13              | 0            | 0.000019    
60         | 13         | 0          | 13              | 0            | 0.000021    
60         | 13         | 0          | 13              | 0            | 0.000019    
20         | 13         | 0          | 13              | 0            | 0.000029    
80         | 13         | 0          | 13              | 0            | 0.000024    
60         | 13         | 0          | 13              | 0            | 0.000047    
20         | 13         | 0          | 13              | 0            | 0.000024    
40         | 13         | 0          | 13              | 0            | 0.000047    
60         | 13         | 0          | 13              | 0            | 0.000018    
0          | 13         | 0          | 13              | 0            | 0.000019    
0          | 13         | 0          | 13              | 0            | 0.000031    
20         | 13         | 0          | 13              | 0            | 0.000024    
80         | 13         | 0          | 13              | 0            | 0.000032    
80         | 13         | 0          | 13              | 0            | 0.000028    
40         | 13         | 0          | 13              | 0            | 0.000023    
80         | 13         | 0          | 13              | 0            | 0.000028    
80         | 13         | 0          | 13              | 0            | 0.000021    
60         | 13         | 0          | 13              | 0            | 0.000034    
20         | 13         | 0          | 13              | 0            | 0.000021    
0          | 13         | 0          | 13              | 0            | 0.000022    
0          | 13         | 0          | 13              | 0            | 0.000018    
80         | 13         | 0          | 13              | 0            | 0.000061    
80         | 13         | 0          | 13              | 0            | 0.000019    
80         | 13         | 0          | 13              | 0            | 0.000034    
20         | 13         | 0          | 13              | 0            | 0.000020    
20         | 13         | 0          | 13              | 0            | 0.000034    
20         | 13         | 0          | 13              | 0            | 0.000020    
0          | 13         | 0          | 13              | 0            | 0.000021    
60         | 13         | 0          | 13              | 0            | 0.000029    
40         | 13         | 0          | 13              | 0            | 0.000022    
40         | 13         | 0          | 13              | 0            | 0.000040    
20         | 13         | 0          | 13              | 0            | 0.000019    
20         | 13         | 0          | 13              | 0            | 0.000019    
