Chave      | Leituras   | Escritas   | Transf T        | Comparações | Tempo_Total 
76         | 1          | 0          | 1               | 3            | 0.000011    
97         | 1          | 0          | 1               | 2            | 0.000015    
31         | 1          | 0          | 1               | 2            | 0.000011    
56         | 1          | 0          | 1               | 3            | 0.000010    
87         | 1          | 0          | 1               | 2            | 0.000013    
61         | 1          | 0          | 1               | 2            | 0.000010    
62         | 1          | 0          | 1               | 1            | 0.000009    
47         | 1          | 0          | 1               | 2            | 0.000009    
65         | 1          | 0          | 1               | 2            | 0.000008    
88         | 1          | 0          | 1               | 3            | 0.000010    
