Chave      | Leituras   | Escritas   | Transf T        | Comparações | Tempo_Total 
90         | 0          | 0          | 0               | 0            | 0.000060    
90         | 0          | 0          | 0               | 0            | 0.000047    
90         | 0          | 0          | 0               | 0            | 0.000043    
90         | 0          | 0          | 0               | 0            | 0.000043    
90         | 0          | 0          | 0               | 0            | 0.000057    
90         | 0          | 0          | 0               | 0            | 0.000050    
40         | 0          | 0          | 0               | 0            | 0.000016    
20         | 0          | 0          | 0               | 0            | 0.000011    
40         | 0          | 0          | 0               | 0            | 0.000017    
0          | 1          | 0          | 1               | 3            | 0.000029    
80         | 0          | 0          | 0               | 0            | 0.000010    
80         | 0          | 0          | 0               | 0            | 0.000012    
20         | 0          | 0          | 0               | 0            | 0.000016    
40         | 0          | 0          | 0               | 0            | 0.000012    
20         | 0          | 0          | 0               | 0            | 0.000012    
40         | 0          | 0          | 0               | 0            | 0.000011    
80         | 0          | 0          | 0               | 0            | 0.000012    
80         | 0          | 0          | 0               | 0            | 0.000012    
0          | 1          | 0          | 1               | 3            | 0.000018    
80         | 0          | 0          | 0               | 0            | 0.000011    
60         | 0          | 0          | 0               | 0            | 0.000013    
40         | 0          | 0          | 0               | 0            | 0.000016    
40         | 0          | 0          | 0               | 0            | 0.000015    
80         | 0          | 0          | 0               | 0            | 0.000011    
40         | 0          | 0          | 0               | 0            | 0.000013    
40         | 0          | 0          | 0               | 0            | 0.000011    
0          | 1          | 0          | 1               | 3            | 0.000019    
60         | 0          | 0          | 0               | 0            | 0.000013    
40         | 0          | 0          | 0               | 0            | 0.000013    
60         | 0          | 0          | 0               | 0            | 0.000013    
20         | 0          | 0          | 0               | 0            | 0.000011    
40         | 0          | 0          | 0               | 0            | 0.000011    
0          | 1          | 0          | 1               | 3            | 0.000017    
40         | 0          | 0          | 0               | 0            | 0.000011    
40         | 0          | 0          | 0               | 0            | 0.000013    
0          | 1          | 0          | 1               | 3            | 0.000018    
0          | 1          | 0          | 1               | 3            | 0.000018    
40         | 0          | 0          | 0               | 0            | 0.000011    
40         | 0          | 0          | 0               | 0            | 0.000017    
40         | 0          | 0          | 0               | 0            | 0.000012    
20         | 0          | 0          | 0               | 0            | 0.000011    
60         | 0          | 0          | 0               | 0            | 0.000013    
80         | 0          | 0          | 0               | 0            | 0.000011    
0          | 1          | 0          | 1               | 3            | 0.000023    
60         | 0          | 0          | 0               | 0            | 0.000011    
40         | 0          | 0          | 0               | 0            | 0.000015    
3          | 1          | 0          | 1               | 3            | 0.000166    
82         | 0          | 0          | 0               | 0            | 0.000015    
72         | 1          | 0          | 1               | 3            | 0.000074    
72         | 0          | 0          | 0               | 0            | 0.000026    
72         | 1          | 0          | 1               | 3            | 0.000047    
100        | 1          | 0          | 1               | 2            | 0.000057    
72         | 1          | 0          | 1               | 3            | 0.000072    
72         | 1          | 0          | 1               | 2            | 0.000076    
82         | 1          | 0          | 1               | 2            | 0.000071    
82         | 1          | 0          | 1               | 6            | 0.009713    
43         | 0          | 0          | 0               | 0            | 0.002617    
43         | 1          | 0          | 1               | 7            | 0.007403    
43         | 1          | 0          | 1               | 7            | 0.006442    
43         | 1          | 0          | 1               | 7            | 0.017863    
