Chave      | Leituras   | Escritas   | Transf T        | Comparações | Tempo_Total 
90         | 13         | 0          | 13              | 0            | 0.000080    
90         | 13         | 0          | 13              | 0            | 0.000090    
90         | 13         | 0          | 13              | 0            | 0.000089    
90         | 13         | 0          | 13              | 0            | 0.000080    
90         | 13         | 0          | 13              | 0            | 0.000079    
90         | 13         | 0          | 13              | 0            | 0.000088    
40         | 13         | 0          | 13              | 0            | 0.000151    
20         | 13         | 0          | 13              | 0            | 0.000023    
40         | 13         | 0          | 13              | 0            | 0.000026    
0          | 13         | 0          | 13              | 0            | 0.000046    
80         | 13         | 0          | 13              | 0            | 0.000019    
80         | 13         | 0          | 13              | 0            | 0.000019    
20         | 13         | 0          | 13              | 0            | 0.000019    
40         | 13         | 0          | 13              | 0            | 0.000021    
20         | 13         | 0          | 13              | 0            | 0.000020    
40         | 13         | 0          | 13              | 0            | 0.000020    
80         | 13         | 0          | 13              | 0            | 0.000027    
80         | 13         | 0          | 13              | 0            | 0.000025    
0          | 13         | 0          | 13              | 0            | 0.000053    
80         | 13         | 0          | 13              | 0            | 0.000020    
60         | 13         | 0          | 13              | 0            | 0.000026    
40         | 13         | 0          | 13              | 0            | 0.000019    
40         | 13         | 0          | 13              | 0            | 0.000018    
80         | 13         | 0          | 13              | 0            | 0.000021    
40         | 13         | 0          | 13              | 0            | 0.000023    
40         | 13         | 0          | 13              | 0            | 0.000019    
0          | 13         | 0          | 13              | 0            | 0.000026    
60         | 13         | 0          | 13              | 0            | 0.000025    
40         | 13         | 0          | 13              | 0            | 0.000024    
60         | 13         | 0          | 13              | 0            | 0.000022    
20         | 13         | 0          | 13              | 0            | 0.000048    
40         | 13         | 0          | 13              | 0            | 0.000021    
0          | 13         | 0          | 13              | 0            | 0.000019    
40         | 13         | 0          | 13              | 0            | 0.000020    
40         | 13         | 0          | 13              | 0            | 0.000023    
0          | 13         | 0          | 13              | 0            | 0.000023    
0          | 13         | 0          | 13              | 0            | 0.000026    
40         | 13         | 0          | 13              | 0            | 0.000020    
40         | 13         | 0          | 13              | 0            | 0.000053    
40         | 13         | 0          | 13              | 0            | 0.000023    
20         | 13         | 0          | 13              | 0            | 0.000018    
60         | 13         | 0          | 13              | 0            | 0.000022    
80         | 13         | 0          | 13              | 0            | 0.000019    
0          | 13         | 0          | 13              | 0            | 0.000019    
60         | 13         | 0          | 13              | 0            | 0.000019    
40         | 13         | 0          | 13              | 0            | 0.000028    
