Chave      | Leituras   | Escritas   | Transf T        | Comparações | Tempo_Total 
44770      | 25000      | 0          | 25000           | 0            | 0.039952    
71580      | 25000      | 0          | 25000           | 0            | 0.038868    
53960      | 25000      | 0          | 25000           | 0            | 0.040026    
78300      | 25000      | 0          | 25000           | 0            | 0.039994    
97130      | 25000      | 0          | 25000           | 0            | 0.039330    
60610      | 25000      | 0          | 25000           | 0            | 0.039955    
66380      | 25000      | 0          | 25000           | 0            | 0.038999    
52990      | 25000      | 0          | 25000           | 0            | 0.040129    
95950      | 25000      | 0          | 25000           | 0            | 0.037805    
17620      | 25000      | 0          | 25000           | 0            | 0.039367    
58040      | 25000      | 0          | 25000           | 0            | 0.039436    
46510      | 25000      | 0          | 25000           | 0            | 0.039859    
71210      | 25000      | 0          | 25000           | 0            | 0.040568    
61250      | 25000      | 0          | 25000           | 0            | 0.038212    
56270      | 25000      | 0          | 25000           | 0            | 0.039166    
91210      | 25000      | 0          | 25000           | 0            | 0.046203    
24680      | 25000      | 0          | 25000           | 0            | 0.038635    
3150       | 25000      | 0          | 25000           | 0            | 0.038396    
99850      | 25000      | 0          | 25000           | 0            | 0.038190    
38640      | 25000      | 0          | 25000           | 0            | 0.040327    
