Chave      | Leituras   | Escritas   | Transf T        | Comparações | Tempo_Total 
44770      | 1          | 0          | 1               | 1            | 0.000052    
71580      | 1          | 0          | 1               | 3            | 0.000062    
53960      | 1          | 0          | 1               | 3            | 0.000054    
78300      | 1          | 0          | 1               | 3            | 0.000075    
97130      | 1          | 0          | 1               | 1            | 0.000085    
60610      | 1          | 0          | 1               | 1            | 0.000054    
66380      | 1          | 0          | 1               | 3            | 0.000045    
52990      | 1          | 0          | 1               | 1            | 0.000037    
95950      | 1          | 0          | 1               | 1            | 0.000067  
17620      | 1          | 0          | 1               | 3            | 0.000043  
58040      | 1          | 0          | 1               | 3            | 0.000062    
46510      | 1          | 0          | 1               | 1            | 0.000076    
71210      | 1          | 0          | 1               | 1            | 0.000072    
61250      | 1          | 0          | 1               | 1            | 0.000053    
56270      | 1          | 0          | 1               | 1            | 0.000049    
91210      | 1          | 0          | 1               | 1            | 0.000075    
24680      | 1          | 0          | 1               | 3            | 0.000027    
3150       | 1          | 0          | 1               | 1            | 0.000017    
99850      | 1          | 0          | 1               | 1            | 0.000083    
38640      | 1          | 0          | 1               | 3            | 0.000051    
50         | 1          | 0          | 1               | 3            | 0.000028    
50         | 1          | 0          | 1               | 2            | 0.000057    
46640      | 1          | 0          | 1               | 4            | 0.000055    
30400      | 1          | 0          | 1               | 4            | 0.000057    
58360      | 1          | 0          | 1               | 4            | 0.000032    
71680      | 1          | 0          | 1               | 4            | 0.000050    
42600      | 1          | 0          | 1               | 4            | 0.000064    
29840      | 1          | 0          | 1               | 4            | 0.000046    
5840       | 1          | 0          | 1               | 4            | 0.000043    
4680       | 1          | 0          | 1               | 4            | 0.000040    
72160      | 1          | 0          | 1               | 4            | 0.000053    
98440      | 1          | 0          | 1               | 4            | 0.000062    
