Chave      | Leituras   | Escritas   | Transf T        | Comparações | Tempo_Total 
21567      | 0          | 0          | 0               | 0            | 0.000015    
50         | 1          | 0          | 1               | 3            | 0.000025    
50         | 1          | 0          | 1               | 3            | 0.000024    
50         | 1          | 0          | 1               | 3            | 0.000025    
50         | 1          | 0          | 1               | 3            | 0.000020    
50         | 1          | 0          | 1               | 3            | 0.000024    
50         | 1          | 0          | 1               | 3            | 0.000031    
50         | 1          | 0          | 1               | 3            | 0.000023    
50         | 1          | 0          | 1               | 3            | 0.000024    
50         | 1          | 0          | 1               | 3            | 0.000041    
50         | 1          | 0          | 1               | 3            | 0.000025    
50         | 1          | 0          | 1               | 3            | 0.000022    
50         | 1          | 0          | 1               | 3            | 0.000022    
50         | 1          | 0          | 1               | 3            | 0.000022    
50         | 0          | 0          | 0               | 0            | 0.000018    
50         | 0          | 0          | 0               | 0            | 0.000071    
50         | 1          | 0          | 1               | 3            | 0.000019    
50         | 1          | 0          | 1               | 3            | 0.000021    
50         | 1          | 0          | 1               | 3            | 0.000042    
50         | 1          | 0          | 1               | 3            | 0.000024    
50         | 1          | 0          | 1               | 3            | 0.000019    
