Chave      | Leituras   | Escritas   | Transf T        | Comparações | Tempo_Total 
21567      | 25000      | 0          | 25000           | 0            | 0.050701    
50         | 12500      | 0          | 12500           | 0            | 0.175762    
50         | 12500      | 0          | 12500           | 0            | 0.019779    
50         | 12500      | 0          | 12500           | 0            | 0.018714    
50         | 12500      | 0          | 12500           | 0            | 0.028901    
50         | 12500      | 0          | 12500           | 0            | 0.020010    
50         | 12500      | 0          | 12500           | 0            | 0.028027    
50         | 12500      | 0          | 12500           | 0            | 0.032203    
50         | 12500      | 0          | 12500           | 0            | 0.024097    
50         | 12500      | 0          | 12500           | 0            | 0.024623    
50         | 12500      | 0          | 12500           | 0            | 0.026317    
50         | 12500      | 0          | 12500           | 0            | 0.025371    
50         | 12500      | 0          | 12500           | 0            | 0.023235    
50         | 12500      | 0          | 12500           | 0            | 0.025593    
50         | 12500      | 0          | 12500           | 0            | 0.023485    
50         | 8          | 0          | 8               | 0            | 0.000070    
50         | 12500      | 0          | 12500           | 0            | 0.023335    
50         | 12500      | 0          | 12500           | 0            | 0.029295    
50         | 12500      | 0          | 12500           | 0            | 0.023078    
50         | 12500      | 0          | 12500           | 0            | 0.025361    
50         | 12500      | 0          | 12500           | 0            | 0.021055    
