Leituras | Escritas | Transf T | Comparações | Tempo_Total
998			0			998			0			0.004646
778			0			778			0			0.002190
988			0			988			0			0.002994
543			0			543			0			0.001580
210			0			210			0			0.000573
717			0			717			0			0.002142
56			0			56			0			0.000150
407			0			407			0			0.001228
8			0			8			0			0.000010
630			0			630			0			0.001890
539			0			539			0			0.001508
421			0			421			0			0.001223
470			0			470			0			0.001336
20			0			20			0			0.000042
923			0			923			0			0.002824
304			0			304			0			0.000859
415			0			415			0			0.001240
812			0			812			0			0.002409
678			0			678			0			0.001989
706			0			706			0			0.002099
738			0			738			0			0.002234
