Leituras | Escritas | Transf T | Comparações | Tempo_Total
499750			1999			501749			0			0.382671
499750			1999			501749			0			0.389476
499750			1999			501749			0			0.409169
499750			1999			501749			0			0.396738
499750			1999			501749			0			0.383789
499750			1999			501749			0			0.396348
499750			1999			501749			0			0.398573
499750			1999			501749			0			0.399682
499750			1999			501749			0			0.400819
499750			1999			501749			0			0.410199
499750			1999			501749			0			0.398441
499750			1999			501749			0			0.382815
499750			1999			501749			0			0.416772
499750			1999			501749			0			0.394133
499750			1999			501749			0			0.394250
499750			1999			501749			0			0.399614
499750			1999			501749			0			0.402919
499750			1999			501749			0			0.395010
499750			1999			501749			0			0.392681
499750			1999			501749			0			0.404972
499750			1999			501749			0			0.395756
