Chave      | Leituras   | Escritas   | Transf T        | Comparações | Tempo_Total 
400        | 400        | 0          | 400             | 798          | 0.000339    
480        | 480        | 0          | 480             | 958          | 0.000336    
600        | 600        | 0          | 600             | 1198         | 0.000514    
320        | 320        | 0          | 320             | 638          | 0.000332    
480        | 480        | 0          | 480             | 958          | 0.000710    
800        | 800        | 0          | 800             | 1598         | 0.000593    
120        | 120        | 0          | 120             | 238          | 0.000116    
320        | 320        | 0          | 320             | 638          | 0.000293    
160        | 160        | 0          | 160             | 318          | 0.000136    
480        | 480        | 0          | 480             | 958          | 0.000500    
