Chave      | Leituras   | Escritas   | Transf T        | Comparações | Tempo_Total 
435        | 499750     | 1999       | 501749          | 499500       | 0.444958    
434        | 499750     | 1999       | 501749          | 499500       | 0.457870    
2          | 499750     | 1999       | 501749          | 499500       | 0.446408    
998        | 499750     | 1999       | 501749          | 499500       | 0.442252    
700        | 499750     | 1999       | 501749          | 499500       | 0.437991    
1000       | 499750     | 1999       | 501749          | 499500       | 0.430540    
1001       | 499750     | 1999       | 501749          | 499500       | 0.454638    
18         | 499750     | 1999       | 501749          | 499500       | 0.477586    
244        | 499750     | 1999       | 501749          | 499500       | 0.445577    
165        | 499750     | 1999       | 501749          | 499500       | 0.440951    
761        | 499750     | 1999       | 501749          | 499500       | 0.453716    
547        | 499750     | 1999       | 501749          | 499500       | 0.445607    
19         | 499750     | 1999       | 501749          | 499500       | 0.470815    
430        | 499750     | 1999       | 501749          | 499500       | 0.446734    
816        | 499750     | 1999       | 501749          | 499500       | 0.449888    
449        | 499750     | 1999       | 501749          | 499500       | 0.447559    
645        | 499750     | 1999       | 501749          | 499500       | 0.471258    
101        | 499750     | 1999       | 501749          | 499500       | 0.447382    
265        | 499750     | 1999       | 501749          | 499500       | 0.450699    
458        | 499750     | 1999       | 501749          | 499500       | 0.453610    
223        | 499750     | 1999       | 501749          | 499500       | 0.481631    
28         | 499750     | 1999       | 501749          | 499500       | 0.457125    
141        | 499750     | 1999       | 501749          | 499500       | 0.476998    
790        | 499750     | 1999       | 501749          | 499500       | 0.464737    
965        | 499750     | 1999       | 501749          | 499500       | 0.485385    
101        | 499750     | 1999       | 501749          | 499500       | 0.475886    
733        | 499750     | 1999       | 501749          | 499500       | 0.466483    
189        | 499750     | 1999       | 501749          | 499500       | 0.456810    
468        | 499750     | 1999       | 501749          | 499500       | 0.460282    
225        | 499750     | 1999       | 501749          | 499500       | 0.486411    
273        | 499750     | 1999       | 501749          | 499500       | 0.479163    
269        | 499750     | 1999       | 501749          | 499500       | 0.468015    
237        | 499750     | 1999       | 501749          | 499500       | 0.462164    
606        | 499750     | 1999       | 501749          | 499500       | 0.476489    
543        | 499750     | 1999       | 501749          | 499500       | 0.486556    
176        | 499750     | 1999       | 501749          | 499500       | 0.469205    
701        | 499750     | 1999       | 501749          | 499500       | 0.476764    
