Chave      | Leituras   | Escritas   | Transf T        | Comparações | Tempo_Total 
680        | 321        | 0          | 321             | 640          | 0.000508    
360        | 641        | 0          | 641             | 1280         | 0.000514    
280        | 721        | 0          | 721             | 1440         | 0.000613    
880        | 121        | 0          | 121             | 240          | 0.000101    
480        | 521        | 0          | 521             | 1040         | 0.000453    
40         | 961        | 0          | 961             | 1920         | 0.001009    
920        | 81         | 0          | 81              | 160          | 0.000087    
440        | 561        | 0          | 561             | 1120         | 0.000414    
400        | 601        | 0          | 601             | 1200         | 0.000497    
760        | 241        | 0          | 241             | 480          | 0.000325    
543        | 458        | 0          | 458             | 914          | 0.000479    
543        | 458        | 0          | 458             | 914          | 0.000697    
