Chave      | Leituras   | Escritas   | Transf T        | Comparações | Tempo_Total 
680        | 499625     | 1999       | 501624          | 499500       | 0.408419    
360        | 499625     | 1999       | 501624          | 499500       | 0.413285    
280        | 499625     | 1999       | 501624          | 499500       | 0.412723    
880        | 499625     | 1999       | 501624          | 499500       | 0.411105    
480        | 499625     | 1999       | 501624          | 499500       | 0.406462    
40         | 499625     | 1999       | 501624          | 499500       | 0.431403    
920        | 499625     | 1999       | 501624          | 499500       | 0.413171    
440        | 499625     | 1999       | 501624          | 499500       | 0.411896    
400        | 499625     | 1999       | 501624          | 499500       | 0.421075    
760        | 499625     | 1999       | 501624          | 499500       | 0.409307    
543        | 499501     | 1999       | 501500          | 499500       | 0.512662    
543        | 499501     | 1999       | 501500          | 499500       | 0.582038    
