Chave      | Leituras   | Escritas   | Transf T        | Comparações | Tempo_Total 
1001       | 9          | 0          | 9               | 18           | 0.000023    
1001       | 9          | 0          | 9               | 18           | 0.000017    
786        | 10         | 0          | 10              | 18           | 0.000017    
1          | 12         | 0          | 12              | 22           | 0.000017    
689        | 10         | 0          | 10              | 18           | 0.000019    
968        | 10         | 0          | 10              | 18           | 0.000018    
352        | 20         | 0          | 20              | 38           | 0.000040    
213        | 9          | 0          | 9               | 16           | 0.000017    
196        | 11         | 0          | 11              | 20           | 0.000027    
945        | 17         | 0          | 17              | 32           | 0.000026    
698        | 9          | 0          | 9               | 16           | 0.000013    
546        | 13         | 0          | 13              | 24           | 0.000019    
106        | 11         | 0          | 11              | 20           | 0.000031    
467        | 14         | 0          | 14              | 26           | 0.000029    
287        | 12         | 0          | 12              | 22           | 0.000023    
552        | 15         | 0          | 15              | 28           | 0.000044    
487        | 8          | 0          | 8               | 14           | 0.000015    
563        | 15         | 0          | 15              | 28           | 0.000021    
207        | 14         | 0          | 14              | 26           | 0.000022    
197        | 12         | 0          | 12              | 22           | 0.000021    
331        | 12         | 0          | 12              | 22           | 0.000018    
854        | 11         | 0          | 11              | 20           | 0.000018    
971        | 11         | 0          | 11              | 20           | 0.000017    
411        | 17         | 0          | 17              | 32           | 0.000032    
358        | 22         | 0          | 22              | 42           | 0.000039    
546        | 13         | 0          | 13              | 24           | 0.000020    
867        | 10         | 0          | 10              | 18           | 0.000019    
68         | 5          | 0          | 5               | 8            | 0.000009    
636        | 12         | 0          | 12              | 22           | 0.000019    
605        | 6          | 0          | 6               | 10           | 0.000010    
153        | 9          | 0          | 9               | 16           | 0.000016    
276        | 16         | 0          | 16              | 30           | 0.000023    
184        | 6          | 0          | 6               | 10           | 0.000011    
300        | 17         | 0          | 17              | 32           | 0.000033    
24         | 9          | 0          | 9               | 16           | 0.000015    
Médias para /home/thiago/Documents/ED2/tp01-ED2/contagens/arvBin/Mil/O_Busca:
Leituras: 11.89
Escritas: 0.00
Transf T: 11.89
Comparações: 21.89
Tempo_Total: 0.000022

463        | 12         | 0          | 12              | 22           | 0.000017    
894        | 15         | 0          | 15              | 28           | 0.000021    
162        | 11         | 0          | 11              | 20           | 0.000016    
460        | 14         | 0          | 14              | 26           | 0.000021    
729        | 13         | 0          | 13              | 24           | 0.000021    
528        | 12         | 0          | 12              | 22           | 0.000019    
927        | 9          | 0          | 9               | 16           | 0.000014    
691        | 13         | 0          | 13              | 24           | 0.000019    
587        | 11         | 0          | 11              | 20           | 0.000017    
515        | 13         | 0          | 13              | 24           | 0.000023    
