Chave      | Leituras   | Escritas   | Transf T        | Comparações | Tempo_Total 
1001       | 12120      | 1999       | 14119           | 11870        | 0.037809    
1001       | 12120      | 1999       | 14119           | 11870        | 0.033621    
786        | 12120      | 1999       | 14119           | 11870        | 0.041323    
1          | 12120      | 1999       | 14119           | 11870        | 0.033447    
689        | 12120      | 1999       | 14119           | 11870        | 0.043314    
968        | 12120      | 1999       | 14119           | 11870        | 0.037642    
352        | 12120      | 1999       | 14119           | 11870        | 0.030905    
213        | 12120      | 1999       | 14119           | 11870        | 0.030628    
196        | 12120      | 1999       | 14119           | 11870        | 0.036068    
945        | 12120      | 1999       | 14119           | 11870        | 0.032373    
698        | 12120      | 1999       | 14119           | 11870        | 0.033196    
546        | 12120      | 1999       | 14119           | 11870        | 0.032581    
106        | 12120      | 1999       | 14119           | 11870        | 0.040512    
467        | 12120      | 1999       | 14119           | 11870        | 0.036048    
287        | 12120      | 1999       | 14119           | 11870        | 0.034065    
552        | 12120      | 1999       | 14119           | 11870        | 0.035131    
487        | 12120      | 1999       | 14119           | 11870        | 0.034750    
563        | 12120      | 1999       | 14119           | 11870        | 0.033580    
207        | 12120      | 1999       | 14119           | 11870        | 0.035147    
197        | 12120      | 1999       | 14119           | 11870        | 0.037340    
331        | 12120      | 1999       | 14119           | 11870        | 0.039822    
854        | 12120      | 1999       | 14119           | 11870        | 0.036979    
971        | 12120      | 1999       | 14119           | 11870        | 0.033262    
411        | 12120      | 1999       | 14119           | 11870        | 0.037249    
358        | 12120      | 1999       | 14119           | 11870        | 0.036132    
546        | 12120      | 1999       | 14119           | 11870        | 0.034927    
867        | 12120      | 1999       | 14119           | 11870        | 0.036336    
68         | 12120      | 1999       | 14119           | 11870        | 0.035193    
636        | 12120      | 1999       | 14119           | 11870        | 0.035252    
605        | 12120      | 1999       | 14119           | 11870        | 0.035387    
153        | 12120      | 1999       | 14119           | 11870        | 0.035161    
276        | 12120      | 1999       | 14119           | 11870        | 0.036352    
184        | 12120      | 1999       | 14119           | 11870        | 0.032038    
300        | 12120      | 1999       | 14119           | 11870        | 0.035285    
24         | 12120      | 1999       | 14119           | 11870        | 0.040784    
463        | 12120      | 1999       | 14119           | 11870        | 0.033136    
894        | 12120      | 1999       | 14119           | 11870        | 0.030174    
162        | 12120      | 1999       | 14119           | 11870        | 0.030216    
460        | 12120      | 1999       | 14119           | 11870        | 0.030376    
729        | 12120      | 1999       | 14119           | 11870        | 0.032715    
528        | 12120      | 1999       | 14119           | 11870        | 0.032218    
927        | 12120      | 1999       | 14119           | 11870        | 0.034590    
691        | 12120      | 1999       | 14119           | 11870        | 0.036903    
587        | 12120      | 1999       | 14119           | 11870        | 0.035144    
515        | 12120      | 1999       | 14119           | 11870        | 0.036380    
