Chave      | Leituras   | Escritas   | Transf T        | Comparações | Tempo_Total 
9120       | 3          | 0          | 3               | 48           | 0.000123    
7080       | 3          | 0          | 3               | 34           | 0.000170    
1640       | 3          | 0          | 3               | 19           | 0.000173    
360        | 3          | 0          | 3               | 39           | 0.000149    
7080       | 3          | 0          | 3               | 34           | 0.000118    
960        | 3          | 0          | 3               | 39           | 0.000129    
2520       | 3          | 0          | 3               | 49           | 0.000134    
8840       | 2          | 0          | 2               | 16           | 0.000088    
4240       | 3          | 0          | 3               | 19           | 0.000130    
4680       | 2          | 0          | 2               | 32           | 0.000099    
