Chave      | Leituras   | Escritas   | Transf T        | Comparações | Tempo_Total 
9120       | 48990      | 10792      | 59782           | 847256       | 0.833897    
7080       | 48990      | 10792      | 59782           | 847256       | 0.840873    
1640       | 48990      | 10792      | 59782           | 847256       | 0.840652    
360        | 48990      | 10792      | 59782           | 847256       | 0.805471    
7080       | 48990      | 10792      | 59782           | 847256       | 0.784177    
960        | 48990      | 10792      | 59782           | 847256       | 0.789883    
2520       | 48990      | 10792      | 59782           | 847256       | 0.801398    
8840       | 48990      | 10792      | 59782           | 847256       | 0.802889    
4240       | 48990      | 10792      | 59782           | 847256       | 0.834938    
4680       | 48990      | 10792      | 59782           | 847256       | 0.838505    
