Chave      | Leituras   | Escritas   | Transf T        | Comparações | Tempo_Total 
1440       | 3          | 0          | 3               | 32           | 0.000141    
9200       | 3          | 0          | 3               | 42           | 0.000179    
4320       | 3          | 0          | 3               | 37           | 0.000159    
8440       | 3          | 0          | 3               | 57           | 0.000158    
7280       | 3          | 0          | 3               | 46           | 0.000149    
2840       | 3          | 0          | 3               | 32           | 0.000147    
1320       | 3          | 0          | 3               | 12           | 0.000131    
3800       | 3          | 0          | 3               | 42           | 0.000270    
9080       | 3          | 0          | 3               | 47           | 0.000123    
3760       | 3          | 0          | 3               | 52           | 0.000173    
