Chave      | Leituras   | Escritas   | Transf T        | Comparações | Tempo_Total 
1440       | 48990      | 10792      | 59782           | 463439       | 0.792734    
9200       | 48990      | 10792      | 59782           | 463439       | 0.838268    
4320       | 48990      | 10792      | 59782           | 463439       | 0.834571    
8440       | 48990      | 10792      | 59782           | 463439       | 0.780111    
7280       | 48990      | 10792      | 59782           | 463439       | 0.815507    
2840       | 48990      | 10792      | 59782           | 463439       | 0.817389    
1320       | 48990      | 10792      | 59782           | 463439       | 0.810336    
3800       | 48990      | 10792      | 59782           | 463439       | 0.818200    
9080       | 48990      | 10792      | 59782           | 463439       | 0.818901    
3760       | 48990      | 10792      | 59782           | 463439       | 0.832929    
