Chave      | Leituras   | Escritas   | Transf T        | Comparações | Tempo_Total 
3440       | 3          | 0          | 3               | 48           | 0.000122    
2600       | 3          | 0          | 3               | 37           | 0.000158    
4400       | 3          | 0          | 3               | 68           | 0.000123    
1120       | 3          | 0          | 3               | 46           | 0.000107    
1360       | 3          | 0          | 3               | 21           | 0.000125    
320        | 3          | 0          | 3               | 36           | 0.000130    
9600       | 3          | 0          | 3               | 42           | 0.000109    
7160       | 3          | 0          | 3               | 56           | 0.000113    
9840       | 3          | 0          | 3               | 44           | 0.000163    
4120       | 3          | 0          | 3               | 31           | 0.000156    
3550       | 3          | 0          | 3               | 49           | 0.000122    
