Chave      | Leituras   | Escritas   | Transf T        | Comparações | Tempo_Total 
3440       | 48341      | 10574      | 58915           | 621806       | 1.048166    
2600       | 48341      | 10574      | 58915           | 621806       | 1.019016    
4400       | 48341      | 10574      | 58915           | 621806       | 1.002168    
1120       | 48341      | 10574      | 58915           | 621806       | 1.001711    
1360       | 48341      | 10574      | 58915           | 621806       | 1.031112    
320        | 48341      | 10574      | 58915           | 621806       | 1.006646    
9600       | 48341      | 10574      | 58915           | 621806       | 0.987672    
7160       | 48341      | 10574      | 58915           | 621806       | 0.993069    
9840       | 48341      | 10574      | 58915           | 621806       | 0.994876    
4120       | 48341      | 10574      | 58915           | 621806       | 0.975684    
